S01_EP05	4535	4550	19,18
S01_EP05	4519	4534	19,18
S01_EP01	5993	6008	13
S01_EP02	5020	5035	26
S01_EP03	4404	4419	24
S01_EP03	3996	4011	28,24
S01_EP03	3948	3963	28,24
S01_EP03	3916	3931	28,24
S01_EP03	4808	4823	24
S01_EP03	3900	3915	28,24
S01_EP03	2337	2352	24
S01_EP03	3964	3979	28,24
S01_EP03	4387	4402	24
S01_EP03	3932	3947	28,24
S01_EP03	3980	3995	28,24
S01_EP03	4475	4490	24
S01_EP03	1099	1114	24
S01_EP05	5307	5322	8,28
S01_EP05	2475	2490	8,28
S01_EP05	5323	5338	8,28
S01_EP23	4362	4377	1,8
S01_EP23	4346	4361	1,8
S01_EP05	5275	5290	8,28
S01_EP01	4660	4675	8,28,19,14
S01_EP10	5120	5135	8
S01_EP05	2485	2500	19,8,14,28
S01_EP05	5218	5233	8,28
S01_EP05	5259	5274	8,28
S01_EP23	911	926	17
S01_EP21	2191	2206	17
S01_EP14	3189	3204	17,14,19,1
S01_EP03	3094	3109	17
S01_EP21	2240	2255	17
S01_EP21	2312	2327	17
S01_EP03	3134	3149	17,1
S01_EP03	3078	3093	17
S01_EP14	3234	3249	17,19
S01_EP03	4260	4275	10
S01_EP05	2279	2294	10
S01_EP03	2944	2959	10
S01_EP03	87	102	14,10,28,21
S01_EP14	812	827	10,21
S01_EP03	2929	2944	10
S01_EP09	848	863	10
S01_EP03	2459	2474	10,21
S01_EP03	2858	2873	10
S01_EP05	4431	4446	10,19
S01_EP03	356	371	10
S01_EP03	2845	2860	10
S01_EP05	4402	4417	10
S01_EP03	300	315	10
S01_EP14	145	160	10
S01_EP03	285	300	6,10
S01_EP23	1387	1402	28,23
S01_EP11	1726	1741	23
S01_EP11	4838	4853	23
S01_EP11	4929	4944	23
S01_EP07	3187	3202	23
S01_EP10	1286	1301	23
S01_EP07	3302	3317	23
S01_EP07	3203	3218	23
S01_EP11	4772	4787	23
S01_EP07	3219	3234	23
S01_EP07	3251	3266	23
S01_EP23	1355	1370	28,23
S01_EP11	4943	4958	23
S01_EP07	3155	3170	23
S01_EP10	1319	1334	23
S01_EP11	4822	4837	23
S01_EP07	3171	3186	23
S01_EP10	1161	1176	23
S01_EP23	1371	1386	28,23
S01_EP05	6003	6018	14,4,27
S01_EP09	5222	5237	27
S01_EP05	6090	6105	1,27
S01_EP01	2142	2157	28,27
S01_EP05	6019	6034	14,4,27
S01_EP09	5242	5257	27
S01_EP01	2124	2139	28,27
S01_EP09	5083	5098	19,27
S01_EP09	5035	5050	19,27
S01_EP01	2153	2168	28,27
S01_EP01	2163	2178	28,27
S01_EP01	4858	4873	27
S01_EP01	4872	4887	3,27
S01_EP05	1078	1093	27,21
S01_EP09	5195	5210	27
S01_EP05	6051	6066	14,4,27
S01_EP09	5163	5178	27
S01_EP09	5067	5082	19,27
S01_EP02	401	416	9
S01_EP12	2182	2197	9
S01_EP06	5261	5276	9
S01_EP15	2925	2940	9
S01_EP06	5229	5244	9
S01_EP11	2797	2812	9
S01_EP10	6163	6178	9
S01_EP11	6440	6455	9
S01_EP10	6175	6190	9
S01_EP10	3083	3098	9
S01_EP22	3003	3018	9,28
S01_EP10	5461	5476	9,28
S01_EP10	4170	4185	9,28
S01_EP03	448	463	9,22,21
S01_EP06	5213	5228	9
S01_EP06	5197	5212	9
S01_EP15	3005	3020	9
S01_EP06	4550	4565	9
S01_EP10	3131	3146	9
S01_EP06	4598	4613	9
S01_EP10	3099	3114	9
S01_EP05	6562	6577	9,28
S01_EP10	4154	4169	9,28
S01_EP06	4534	4549	9
S01_EP15	2973	2988	9
S01_EP14	6412	6427	9,21
S01_EP06	4582	4597	9
S01_EP10	4202	4217	9,28
S01_EP10	3867	3882	9,28
S01_EP12	2166	2181	9
S01_EP06	5245	5260	9
S01_EP06	4614	4629	9
S01_EP17	6257	6272	9
S01_EP07	6501	6516	9
S01_EP15	2957	2972	9
S01_EP10	3115	3130	9
S01_EP02	335	350	25
S01_EP12	505	520	28,25
S01_EP02	561	576	25
S01_EP03	3443	3458	6,25
S01_EP04	485	500	25
S01_EP03	607	622	28,25
S01_EP03	3459	3474	6,25
S01_EP08	450	465	25
S01_EP04	480	495	25
S01_EP23	3687	3702	0
S01_EP02	3803	3818	3,0,1
S01_EP01	1156	1171	28,19,0
S01_EP12	6272	6287	0,22
S01_EP12	6256	6271	0,22
S01_EP12	5414	5429	1,28,0
S01_EP01	2540	2555	0
S01_EP21	6227	6242	0
S01_EP03	431	446	15,28,19,0
S01_EP01	973	988	28,0
S01_EP01	2566	2581	0
S01_EP12	5365	5380	28,0
S01_EP21	6243	6258	0
S01_EP01	2265	2280	0
S01_EP01	987	1002	28,0
S01_EP14	1108	1123	19,22,0
S01_EP21	6259	6274	0
S01_EP04	325	340	0
S01_EP03	6242	6257	0
S01_EP03	6258	6273	0
S01_EP03	612	627	28,0,22
S01_EP18	308	323	0
S01_EP14	1060	1075	19,22,0
S01_EP05	1957	1972	16,14,19,1
S01_EP08	3844	3859	16,28
S01_EP03	3677	3692	16
S01_EP03	523	538	16,14,28
S01_EP02	1702	1717	16
S01_EP05	1941	1956	16,14,19,1
S01_EP08	3876	3891	16,28
S01_EP02	1852	1867	16
S01_EP02	1786	1801	16
S01_EP02	1932	1947	16
S01_EP02	1893	1908	16
S01_EP05	3705	3720	16,28,19
S01_EP02	1754	1769	16
S01_EP03	844	859	16
S01_EP02	1909	1924	16
S01_EP03	828	843	16
S01_EP05	1126	1141	16
S01_EP03	1717	1732	16
S01_EP08	3860	3875	16,28
S01_EP02	2082	2097	16
S01_EP02	1816	1831	16
S01_EP02	1973	1988	16,28
S01_EP03	860	875	16
S01_EP06	3200	3215	28,4
S01_EP05	2920	2935	14,4,21
S01_EP03	1923	1938	4
S01_EP23	3980	3995	28,4
S01_EP14	1694	1709	28,4
S01_EP16	2400	2415	4
S01_EP09	6663	6678	28,4
S01_EP06	1360	1375	4,14,28
S01_EP16	2384	2399	4
S01_EP05	4705	4720	14,4,21
S01_EP05	3096	3111	14,4,21
S01_EP05	4737	4752	14,4,21
S01_EP05	4250	4265	1,4,21
S01_EP05	3064	3079	14,4,21
S01_EP10	3266	3281	28,4
S01_EP12	4508	4523	4
S01_EP11	2027	2042	14,4
S01_EP08	355	370	4
S01_EP05	2952	2967	14,4,21
S01_EP05	3032	3047	14,4,21
S01_EP23	3996	4011	28,4
S01_EP06	1344	1359	4,14,28
S01_EP10	3424	3439	1,28,4
S01_EP06	3216	3231	28,4
S01_EP10	1953	1968	28,4
S01_EP03	1413	1428	28,4,14
S01_EP21	672	687	28,4
S01_EP10	3282	3297	28,4
S01_EP12	4534	4549	4
S01_EP09	6688	6703	4
S01_EP05	3016	3031	14,4,21
S01_EP05	2968	2983	14,4,21
S01_EP12	4518	4533	4
S01_EP05	2536	2551	4
S01_EP03	512	527	4
S01_EP21	656	671	28,4
S01_EP04	4335	4350	4
S01_EP21	720	735	28,4
S01_EP10	3250	3265	28,4
S01_EP02	822	837	15
S01_EP03	2606	2621	15,14,19
S01_EP04	399	414	15
S01_EP17	6812	6827	15
S01_EP03	4441	4456	15,6
S01_EP03	2952	2967	15
S01_EP03	918	933	15
S01_EP12	417	432	15
S01_EP03	462	477	15
S01_EP14	52	67	15
S01_EP03	579	594	15
S01_EP07	275	290	15
S01_EP03	751	766	15
S01_EP03	893	908	15
S01_EP03	505	520	15
S01_EP12	398	413	15
S01_EP19	2566	2581	15,28
S01_EP12	360	375	15
S01_EP04	462	477	15
S01_EP03	348	363	15,6
S01_EP03	1486	1501	15
S01_EP01	208	223	12
S01_EP01	224	239	12
S01_EP01	160	175	12
S01_EP08	323	338	12
S01_EP08	361	376	20,12
S01_EP02	392	407	12
S01_EP02	473	488	12
S01_EP08	396	411	12
S01_EP01	128	143	12
S01_EP02	503	518	12
S01_EP02	508	523	12
S01_EP01	96	111	12
S01_EP02	505	520	12
S01_EP01	32	47	12
S01_EP02	549	564	12
S01_EP01	192	207	12
S01_EP01	80	95	12
S01_EP08	439	454	12
S01_EP02	396	411	12
S01_EP01	112	127	12
S01_EP02	427	442	12
S01_EP08	343	358	12
S01_EP01	64	79	12
S01_EP12	5990	6005	22
S01_EP05	6176	6191	22
S01_EP12	1597	1612	22
S01_EP14	930	945	22
S01_EP14	4326	4341	22,21
S01_EP08	4315	4330	22
S01_EP12	5974	5989	22
S01_EP12	6541	6556	22
S01_EP20	4940	4955	22
S01_EP12	5894	5909	22
S01_EP08	5062	5077	14,20,28,22
S01_EP23	3648	3663	3,14,22
S01_EP05	2883	2898	19,22
S01_EP12	5009	5024	22
S01_EP08	1399	1414	22
S01_EP08	5030	5045	14,20,28,22
S01_EP12	5862	5877	22
S01_EP23	3625	3640	22
S01_EP12	6198	6213	22
S01_EP14	4300	4315	19,22
S01_EP12	6182	6197	22
S01_EP12	5910	5925	22
S01_EP12	6006	6021	22
S01_EP12	6054	6069	22
S01_EP01	6045	6060	22
S01_EP11	1952	1967	14,22
S01_EP01	1102	1117	22
S01_EP08	5100	5115	22
S01_EP12	5958	5973	22
S01_EP04	1689	1704	22
S01_EP12	5830	5845	22
S01_EP20	4956	4971	22
S01_EP12	6038	6053	22
S01_EP14	4342	4357	22,21
S01_EP12	5846	5861	22
S01_EP08	5046	5061	14,20,28,22
S01_EP12	6118	6133	22
S01_EP20	4924	4939	22
S01_EP04	346	361	28,22
S01_EP01	6013	6028	22
S01_EP02	569	584	22
S01_EP12	6070	6085	22
S01_EP12	5942	5957	22
S01_EP12	6134	6149	22
S01_EP12	5073	5088	22
S01_EP09	2390	2405	14,28,22
S01_EP04	496	511	22
S01_EP06	5876	5891	22
S01_EP14	959	974	1,19,22,21
S01_EP02	924	939	22
S01_EP12	6022	6037	22
S01_EP08	5014	5029	14,20,28,22
S01_EP01	1086	1101	22
S01_EP01	1118	1133	22
S01_EP23	5198	5213	14,22
S01_EP02	3879	3894	11
S01_EP21	4752	4767	11
S01_EP02	4062	4077	11
S01_EP05	1354	1369	11,14
S01_EP02	1422	1437	1,11
S01_EP02	3895	3910	11
S01_EP02	4010	4025	11
S01_EP05	1441	1456	11,14
S01_EP02	4149	4164	11
S01_EP05	1415	1430	11,14
S01_EP05	1386	1401	11,14
S01_EP02	1389	1404	11,28
S01_EP02	3959	3974	11
S01_EP21	4736	4751	11
S01_EP02	3669	3684	11
S01_EP02	4117	4132	11
S01_EP02	4046	4061	11
S01_EP02	3738	3753	11
S01_EP02	3829	3844	11
S01_EP02	4104	4119	11
S01_EP05	1370	1385	11,14
S01_EP21	4768	4783	11
S01_EP02	3927	3942	11
S01_EP02	1353	1368	1,11,28
S01_EP02	1694	1709	11
S01_EP02	1306	1321	14,19,7,1,11
S01_EP02	1232	1247	11,7
S01_EP02	3677	3692	11
S01_EP02	4133	4148	11
S01_EP02	4034	4049	11
S01_EP02	4181	4196	11
S01_EP05	1338	1353	11,14
S01_EP05	1431	1446	11
S01_EP02	4165	4180	11
S01_EP02	1344	1359	1,11,28
S01_EP14	1517	1532	28,5,19
S01_EP13	1603	1618	5
S01_EP21	3266	3281	5
S01_EP09	4133	4148	5,14
S01_EP14	1760	1775	5,28,21
S01_EP09	3826	3841	5,21
S01_EP13	1571	1586	5
S01_EP21	3312	3327	5
S01_EP01	5221	5236	5
S01_EP01	5177	5192	5
S01_EP09	2043	2058	14,5
S01_EP09	3805	3820	5
S01_EP09	3857	3872	5
S01_EP13	1587	1602	5
S01_EP13	1687	1702	5
S01_EP03	2145	2160	5
S01_EP01	5193	5208	5
S01_EP01	5253	5268	5
S01_EP09	2011	2026	14,5
S01_EP09	2027	2042	14,5
S01_EP09	3939	3954	5,28
S01_EP09	3520	3535	14,5
S01_EP09	3636	3651	5,20
S01_EP09	1995	2010	14,5
S01_EP03	2257	2272	5
S01_EP13	1801	1816	5
S01_EP13	2612	2627	5
S01_EP09	3955	3970	5,28
S01_EP09	4149	4164	5,14
S01_EP09	1979	1994	14,5
S01_EP01	5314	5329	5
S01_EP13	2658	2673	5
S01_EP13	1719	1734	5
S01_EP01	5161	5176	5
S01_EP13	1785	1800	5
S01_EP13	2510	2525	5
S01_EP03	4832	4847	1,5
S01_EP09	3758	3773	5,20,14
S01_EP13	1832	1847	5
S01_EP03	4848	4863	1,5
S01_EP08	4022	4037	3
S01_EP03	2434	2449	28,14,19,21,3
S01_EP10	4433	4448	3,14
S01_EP05	5178	5193	3,28,19
S01_EP01	6694	6709	3
S01_EP01	2525	2540	3
S01_EP04	1591	1606	3,28
S01_EP01	5125	5140	3
S01_EP01	2601	2616	3
S01_EP02	6359	6374	3
S01_EP09	2217	2232	3,28,21
S01_EP08	4006	4021	3
S01_EP04	4352	4367	3
S01_EP09	5527	5542	3,28,14
S01_EP04	781	796	3,28
S01_EP09	3190	3205	3
S01_EP05	6724	6739	1,14,28,3
S01_EP02	2118	2133	3
S01_EP03	3306	3321	3,14
S01_EP09	2233	2248	3,28,21
S01_EP09	4880	4895	3,14
S01_EP03	5786	5801	3,14
S01_EP22	4597	4612	3
S01_EP14	3018	3033	3,1
S01_EP13	6672	6687	3
S01_EP06	2344	2359	3,14
S01_EP02	4466	4481	3
S01_EP05	5194	5209	3,28,19
S01_EP23	2634	2649	3,6
S01_EP14	581	596	3,28,19,21
S01_EP01	2509	2524	3
S01_EP08	4038	4053	3
S01_EP04	812	827	3
S01_EP09	2201	2216	3,28,21
S01_EP05	5041	5056	3,19
S01_EP03	6628	6643	3,14
S01_EP21	4797	4812	3
S01_EP16	4133	4148	3
S01_EP08	2073	2088	3,14
S01_EP23	5866	5881	3,28
S01_EP02	4806	4821	3
S01_EP23	5849	5864	3
S01_EP01	6647	6662	3
S01_EP01	4487	4502	3
S01_EP04	6622	6637	3,28
S01_EP13	4419	4434	3
S01_EP03	2667	2682	3,6,1
S01_EP10	3850	3865	3
S01_EP12	1412	1427	3,28
S01_EP23	2602	2617	3,6
S01_EP08	4169	4184	3
S01_EP01	4425	4440	3
S01_EP16	2184	2199	3
S01_EP21	3043	3058	1,14,3
S01_EP23	5882	5897	3,28
S01_EP10	2216	2231	3
S01_EP22	2206	2221	3,14
S01_EP12	1428	1443	3,28
S01_EP13	4452	4467	3
S01_EP22	2222	2237	3,14
S01_EP13	6656	6671	3
S01_EP12	3887	3902	3
S01_EP23	2666	2681	3,6
S01_EP14	549	564	3,28,19,21
S01_EP04	4368	4383	3
S01_EP12	1396	1411	3,28
S01_EP23	5898	5913	3,28
S01_EP03	2581	2596	3,19
S01_EP10	30	45	3
S01_EP16	4112	4127	3
S01_EP10	4387	4402	3
S01_EP09	5543	5558	3,28,14
S01_EP07	4649	4664	3,28
S01_EP23	2650	2665	3,6
S01_EP05	3743	3758	6,28,19
S01_EP05	3480	3495	1,6,14,19
S01_EP19	1692	1707	6,19
S01_EP16	1152	1167	6
S01_EP12	6516	6531	6
S01_EP10	6417	6432	6
S01_EP05	2318	2333	1,6,19
S01_EP11	3114	3129	6,28
S01_EP15	959	974	6,21
S01_EP21	6019	6034	6
S01_EP04	391	406	6
S01_EP12	246	261	6,28
S01_EP15	927	942	6,21
S01_EP10	4549	4564	6
S01_EP06	1178	1193	6,28
S01_EP03	5768	5783	6
S01_EP11	3640	3655	6
S01_EP12	6686	6701	6
S01_EP16	751	766	6
S01_EP15	943	958	6,21
S01_EP23	868	883	6,28
S01_EP19	1841	1856	6,21
S01_EP03	11	26	6,28,21
S01_EP05	6353	6368	6,14,28
S01_EP06	787	802	6
S01_EP08	5167	5182	1,6,14,28
S01_EP08	5270	5285	6
S01_EP23	4437	4452	6
S01_EP16	964	979	6
S01_EP12	6754	6769	6
S01_EP11	3098	3113	6,28
S01_EP16	736	751	6
S01_EP09	2150	2165	6,14
S01_EP23	3029	3044	1,6
S01_EP03	2982	2997	6
S01_EP11	3130	3145	6,28
S01_EP12	3504	3519	6
S01_EP10	3342	3357	6
S01_EP23	776	791	6
S01_EP05	126	141	6,21
S01_EP21	6003	6018	6
S01_EP05	3509	3524	6,19
S01_EP19	3103	3118	6,19
S01_EP19	3339	3354	6,19
S01_EP05	2398	2413	6,19
S01_EP23	4453	4468	6
S01_EP10	6343	6358	1,6
S01_EP10	4450	4465	6
S01_EP11	6722	6737	6
S01_EP12	6770	6785	6
S01_EP05	3530	3545	6
S01_EP09	2479	2494	6
S01_EP14	135	150	6
S01_EP05	3301	3316	6,19
S01_EP14	872	887	6,21
S01_EP05	6797	6812	6,28
S01_EP23	2334	2349	6
S01_EP06	771	786	6
S01_EP19	3307	3322	6,19
S01_EP16	1052	1067	6
S01_EP05	3778	3793	6,19
S01_EP05	3425	3440	6,14,19,28
S01_EP09	1744	1759	6
S01_EP03	6215	6230	6
S01_EP09	5933	5948	6
S01_EP14	4755	4770	6
S01_EP06	1420	1435	6,28
S01_EP22	640	655	6
S01_EP06	870	885	6
S01_EP23	368	383	6
S01_EP08	5217	5232	6
S01_EP06	838	853	6
S01_EP03	71	86	6,21
S01_EP05	6292	6307	6,28
S01_EP19	2301	2316	6,28,19
S01_EP03	1998	2013	1,6,14
S01_EP12	5246	5261	6,28
S01_EP23	884	899	6,28
S01_EP09	1760	1775	6
S01_EP05	6308	6323	6,28
S01_EP03	1255	1270	6
S01_EP19	3355	3370	6,19
S01_EP03	4239	4254	6
S01_EP09	5906	5921	6
S01_EP05	3546	3561	6
S01_EP23	2566	2581	6
S01_EP05	3393	3408	6,14,19,28
S01_EP10	3312	3327	6
S01_EP10	6359	6374	1,6
S01_EP09	5128	5143	6
S01_EP03	2936	2951	6
S01_EP15	1436	1451	6,21
S01_EP12	3467	3482	1,6
S01_EP05	6807	6822	6
S01_EP05	6404	6419	6
S01_EP19	3323	3338	6,19
S01_EP09	4872	4887	1,6
S01_EP11	6706	6721	6
S01_EP03	395	410	6
S01_EP09	5112	5127	6
S01_EP19	1623	1638	6,19
S01_EP05	3727	3742	6,28,19
S01_EP23	2992	3007	6
S01_EP11	6674	6689	6
S01_EP14	189	204	1,6,19
S01_EP11	3043	3058	6
S01_EP11	3473	3488	6
S01_EP12	4409	4424	6
S01_EP09	5923	5938	6
S01_EP23	852	867	6,28
S01_EP05	6385	6400	6,14,28
S01_EP11	6658	6673	6
S01_EP23	3013	3028	1,6
S01_EP17	6766	6781	6
S01_EP06	3869	3884	6
S01_EP05	2334	2349	1,6,19
S01_EP02	6744	6759	1,7,2
S01_EP02	6581	6596	7
S01_EP01	1592	1607	7
S01_EP08	6201	6216	28,7
S01_EP01	1768	1783	7,2
S01_EP02	6715	6730	7,2
S01_EP02	6739	6754	1,7,2
S01_EP02	6733	6748	1,7,2
S01_EP02	6689	6704	7
S01_EP03	5474	5489	7
S01_EP01	1653	1668	7,2
S01_EP02	6673	6688	7
S01_EP02	6721	6736	7,2
S01_EP01	1634	1649	7
S01_EP01	1785	1800	7,2
S01_EP02	1247	1262	7
S01_EP01	1745	1760	7,2
S01_EP02	6510	6525	7
S01_EP02	6711	6726	7
S01_EP02	6541	6556	7
S01_EP02	6529	6544	7
S01_EP02	6757	6772	2
S01_EP17	3929	3944	2
S01_EP04	6765	6780	2
S01_EP08	949	964	2
S01_EP07	1663	1678	2
S01_EP23	2070	2085	2
S01_EP04	3035	3050	2
S01_EP22	1458	1473	2
S01_EP01	3403	3418	2
S01_EP21	5177	5192	28,14,2
S01_EP01	1910	1925	28,2
S01_EP01	1878	1893	28,2
S01_EP18	5300	5315	2
S01_EP04	2847	2862	2
S01_EP13	1482	1497	2
S01_EP07	1718	1733	2
S01_EP04	6738	6753	2
S01_EP07	1390	1405	28,2
S01_EP17	3952	3967	2
S01_EP07	573	588	28,2
S01_EP22	2136	2151	2
S01_EP21	5253	5268	2
S01_EP18	5380	5395	2
S01_EP23	2054	2069	2
S01_EP22	1410	1425	2
S01_EP13	1425	1440	2
S01_EP07	1375	1390	2
S01_EP22	4153	4168	2
S01_EP08	1070	1085	20,2
S01_EP04	2918	2933	2
S01_EP21	1329	1344	2
S01_EP17	4350	4365	2
S01_EP17	4163	4178	2
S01_EP04	2934	2949	2
S01_EP17	3962	3977	2
S01_EP02	6808	6823	2
S01_EP08	1112	1127	2
S01_EP04	2950	2965	2
S01_EP23	3557	3572	2
S01_EP07	1643	1658	2
S01_EP18	5250	5265	2
S01_EP17	4189	4204	28,2
S01_EP23	2120	2135	28,2
S01_EP17	3899	3914	2
S01_EP04	6781	6796	2
S01_EP01	3307	3322	2
S01_EP04	6804	6819	2
S01_EP07	517	532	2
S01_EP17	3869	3884	2
S01_EP07	1466	1481	2
S01_EP04	2966	2981	2
S01_EP07	1679	1694	2
S01_EP07	979	994	28,2
S01_EP01	1695	1710	2
S01_EP22	2168	2183	2
S01_EP07	675	690	28,2
S01_EP17	4022	4037	2
S01_EP22	2066	2081	2
S01_EP17	4311	4326	2
S01_EP07	1027	1042	28,2
S01_EP01	1711	1726	2
S01_EP07	1395	1410	2
S01_EP01	1862	1877	28,2
S01_EP07	1431	1446	2
S01_EP21	5209	5224	28,14,2
S01_EP22	2036	2051	2
S01_EP22	1442	1457	2
S01_EP05	546	561	14,2
S01_EP21	5283	5298	28,2
S01_EP07	643	658	28,2
S01_EP01	2066	2081	28,2
S01_EP07	595	610	28,2
S01_EP13	1409	1424	2
S01_EP18	5348	5363	2
S01_EP04	2902	2917	2
S01_EP21	5237	5252	2
S01_EP18	5316	5331	2
S01_EP23	3577	3592	2
S01_EP22	1426	1441	2
S01_EP04	2815	2830	2
S01_EP01	3339	3354	2
S01_EP02	6780	6795	2
S01_EP07	1403	1418	1,28,2
S01_EP01	2050	2065	28,2
S01_EP07	533	548	2
S01_EP02	6762	6777	2
S01_EP17	4265	4280	2
S01_EP23	3606	3621	28,2
S01_EP17	4327	4342	2
S01_EP21	1345	1360	2
S01_EP13	1466	1481	2
S01_EP22	2082	2097	2
S01_EP17	4041	4056	2
S01_EP23	3590	3605	28,2
S01_EP08	996	1011	2
S01_EP18	5207	5222	2
S01_EP08	1012	1027	2
S01_EP04	2868	2883	2
S01_EP22	2004	2019	2
S01_EP01	1846	1861	28,2
S01_EP04	2876	2891	19,2
S01_EP07	659	674	28,2
S01_EP21	1313	1328	2
S01_EP08	980	995	2
S01_EP21	5161	5176	28,14,2
S01_EP05	2158	2173	2
S01_EP01	1679	1694	2
S01_EP22	2094	2109	2
S01_EP01	1937	1952	1,28,2
S01_EP23	2136	2151	28,2
S01_EP01	3387	3402	2
S01_EP23	3509	3524	2
S01_EP01	3355	3370	2
S01_EP01	1963	1978	2
S01_EP07	1695	1710	2
S01_EP04	2805	2820	28,2
S01_EP02	6775	6790	2
S01_EP07	1618	1633	2
S01_EP22	4178	4193	2
S01_EP21	1370	1385	2
S01_EP01	2018	2033	28,2
S01_EP08	1128	1143	2
S01_EP08	680	695	20
S01_EP10	5652	5667	20
S01_EP17	2349	2364	20
S01_EP08	1172	1187	20
S01_EP03	6613	6628	28,20
S01_EP10	5791	5806	20
S01_EP01	3245	3260	20
S01_EP17	2393	2408	20
S01_EP16	2498	2513	20
S01_EP08	527	542	20
S01_EP08	690	705	20
S01_EP01	3284	3299	20
S01_EP02	2986	3001	20
S01_EP16	2130	2145	20
S01_EP04	4255	4270	28,20
S01_EP12	2475	2490	20
S01_EP09	6273	6288	20
S01_EP12	2370	2385	20
S01_EP03	6751	6766	20
S01_EP17	2566	2581	20
S01_EP14	1979	1994	20,19,21
S01_EP02	2504	2519	20
S01_EP09	3681	3696	14,20
S01_EP01	3722	3737	20
S01_EP08	747	762	20
S01_EP12	6222	6237	20
S01_EP08	614	629	20
S01_EP01	3222	3237	20
S01_EP16	2146	2161	20
S01_EP04	4291	4306	20
S01_EP17	2825	2840	20
S01_EP08	1046	1061	20
S01_EP12	2437	2452	20
S01_EP04	4877	4892	28,20
S01_EP17	2639	2654	20
S01_EP17	2550	2565	20
S01_EP16	2029	2044	20
S01_EP01	3270	3285	20
S01_EP03	6597	6612	28,20
S01_EP13	2952	2967	20
S01_EP08	32	47	20
S01_EP17	2333	2348	20
S01_EP17	2598	2613	20
S01_EP13	2968	2983	20
S01_EP01	3702	3717	20
S01_EP10	153	168	14,20
S01_EP08	923	938	28,20
S01_EP08	910	925	20
S01_EP12	2418	2433	20
S01_EP08	589	604	20
S01_EP17	2292	2307	20
S01_EP08	630	645	20
S01_EP23	87	102	20,19
S01_EP01	3190	3205	20
S01_EP04	4275	4290	20
S01_EP12	2460	2475	20
S01_EP08	731	746	20
S01_EP14	1995	2010	20,19,21
S01_EP13	6232	6247	20
S01_EP09	6445	6460	28,20
S01_EP14	1963	1978	20,19,21
S01_EP17	2495	2510	20
S01_EP09	3697	3712	14,20
S01_EP12	2447	2462	20
S01_EP08	538	553	20
S01_EP13	2888	2903	20
S01_EP08	657	672	20
S01_EP08	548	563	20
S01_EP08	577	592	20
S01_EP13	16	31	14,20
S01_EP17	2665	2680	20
S01_EP08	779	794	20
S01_EP13	6320	6335	20
S01_EP17	2452	2467	20
S01_EP08	482	497	1,20
S01_EP17	2582	2597	20
S01_EP01	1195	1210	20
S01_EP13	47	62	20
S01_EP08	876	891	20
S01_EP08	564	579	20
S01_EP13	32	47	14,20
S01_EP08	108	123	20
S01_EP01	3294	3309	20
S01_EP02	3138	3153	28,20
S01_EP13	2934	2949	20
S01_EP09	6461	6476	28,20
S01_EP04	4239	4254	28,20
S01_EP08	670	685	20
S01_EP03	2285	2300	28,20
S01_EP16	2162	2177	20
S01_EP08	791	806	20
S01_EP08	16	31	20
S01_EP21	4603	4618	14
S01_EP09	3591	3606	14
S01_EP01	2201	2216	1,14,28
S01_EP15	1623	1638	14,19,21
S01_EP05	3266	3281	1,14,19
S01_EP09	5320	5335	14
S01_EP10	3170	3185	1,14
S01_EP09	5752	5767	14,28
S01_EP09	5720	5735	14,28
S01_EP10	3514	3529	14,21
S01_EP21	4821	4836	14
S01_EP09	786	801	14,19,21
S01_EP10	5035	5050	14
S01_EP05	5476	5491	1,14,19,21
S01_EP09	5450	5465	14
S01_EP23	4056	4071	14
S01_EP04	3929	3944	14,28
S01_EP16	726	741	14
S01_EP06	918	933	14
S01_EP13	5061	5076	14
S01_EP06	3188	3203	14,19
S01_EP10	759	774	1,14,28
S01_EP12	3902	3917	14
S01_EP12	6713	6728	14
S01_EP23	3722	3737	14
S01_EP01	1061	1076	14
S01_EP09	2680	2695	14
S01_EP20	6455	6470	14
S01_EP16	710	725	14
S01_EP09	6144	6159	14
S01_EP14	2500	2515	14,19
S01_EP09	6572	6587	14,28
S01_EP10	5019	5034	14
S01_EP06	2413	2428	14
S01_EP03	1281	1296	28,14,21
S01_EP12	5810	5825	14
S01_EP15	5690	5705	14,19
S01_EP18	4350	4365	14
S01_EP11	1670	1685	14
S01_EP05	6120	6135	1,14
S01_EP10	4720	4735	14
S01_EP08	4563	4578	14
S01_EP10	4306	4321	14
S01_EP08	315	330	14
S01_EP04	2102	2117	14
S01_EP21	1999	2014	14
S01_EP06	3697	3712	28,14
S01_EP08	4950	4965	14
S01_EP03	3337	3352	14
S01_EP05	2748	2763	14
S01_EP05	6754	6769	14,21
S01_EP13	5029	5044	14
S01_EP06	2724	2739	14
S01_EP03	6777	6792	14,21
S01_EP13	5077	5092	14
S01_EP05	3200	3215	14,19
S01_EP14	890	905	1,14,19,21
S01_EP08	4595	4610	14
S01_EP09	5822	5837	14
S01_EP03	2317	2332	14,28
S01_EP09	5304	5319	14
S01_EP14	2667	2682	14,19,21
S01_EP05	4108	4123	1,14,19,28
S01_EP04	176	191	1,28,14
S01_EP09	2299	2314	28,14
S01_EP16	5587	5602	14
S01_EP06	3836	3851	14
S01_EP18	216	231	28,14
S01_EP12	4616	4631	14,28
S01_EP14	6777	6792	14,19
S01_EP18	184	199	28,14
S01_EP14	659	674	28,14,19,21,1
S01_EP06	3820	3835	14
S01_EP08	1204	1219	14
S01_EP14	98	113	1,14,19
S01_EP17	5111	5126	14
S01_EP09	3607	3622	14
S01_EP05	6592	6607	14
S01_EP10	1034	1049	14
S01_EP21	5922	5937	14
S01_EP05	5704	5719	1,14,19
S01_EP10	797	812	1,14,28
S01_EP21	2377	2392	1,28,14
S01_EP14	6745	6760	14,19
S01_EP02	2368	2383	14,21
S01_EP10	62	77	14
S01_EP03	6769	6784	14,28
S01_EP02	2217	2232	14
S01_EP10	295	310	14
S01_EP10	4686	4701	14
S01_EP13	2993	3008	14
S01_EP06	5454	5469	14
S01_EP21	4848	4863	14
S01_EP13	5149	5164	14
S01_EP23	2810	2825	14
S01_EP05	2653	2668	14,19
S01_EP02	1628	1643	14
S01_EP13	3025	3040	14
S01_EP19	2089	2104	14
S01_EP13	1953	1968	14
S01_EP03	5864	5879	14
S01_EP05	3160	3175	14,19,21
S01_EP12	3089	3104	14,28
S01_EP06	2961	2976	14
S01_EP12	3073	3088	14,28
S01_EP17	1866	1881	14
S01_EP05	5688	5703	1,14,19
S01_EP09	695	710	1,14,21
S01_EP09	802	817	14,19,21
S01_EP08	1838	1853	14
S01_EP02	2247	2262	14
S01_EP05	5147	5162	14,19
S01_EP05	3144	3159	14,19,21
S01_EP13	6718	6733	14
S01_EP11	3530	3545	14
S01_EP12	4600	4615	14,28
S01_EP09	40	55	14
S01_EP09	5418	5433	14
S01_EP11	1022	1037	14
S01_EP23	117	132	14
S01_EP18	1106	1121	14
S01_EP09	1527	1542	14
S01_EP09	5708	5723	14
S01_EP10	4605	4620	14
S01_EP09	679	694	1,14,21
S01_EP09	650	665	14
S01_EP03	1386	1401	1,28,14
S01_EP14	6820	6835	14,19
S01_EP05	6136	6151	1,14
S01_EP09	5336	5351	14
S01_EP09	4301	4316	1,14,28
S01_EP21	16	31	28,14
S01_EP12	5459	5474	14
S01_EP12	3160	3175	14,28
S01_EP22	5944	5959	14
S01_EP04	1982	1997	14
S01_EP05	3128	3143	14,19,21
S01_EP03	4754	4769	14
S01_EP14	6761	6776	14,19
S01_EP09	4000	4015	1,14
S01_EP01	923	938	14,28
S01_EP18	3302	3317	14
S01_EP13	3041	3056	14
S01_EP11	974	989	14
S01_EP13	1192	1207	14
S01_EP05	1528	1543	14
S01_EP09	1071	1086	1,14,21
S01_EP14	114	129	1,14,19
S01_EP05	1512	1527	14
S01_EP09	1345	1360	14,19
S01_EP03	4730	4745	14
S01_EP05	2735	2750	14,19
S01_EP23	270	285	1,14
S01_EP02	2234	2249	14
S01_EP01	4435	4450	14,28
S01_EP09	2518	2533	14
S01_EP16	2200	2215	14
S01_EP20	5365	5380	14
S01_EP09	5854	5869	14
S01_EP11	4992	5007	14
S01_EP04	3945	3960	14,28
S01_EP14	2516	2531	14,19
S01_EP21	625	640	28,14
S01_EP02	2279	2294	14
S01_EP06	1046	1061	14
S01_EP11	1654	1669	14
S01_EP13	4608	4623	14
S01_EP09	5402	5417	14
S01_EP14	6729	6744	14,19
S01_EP21	4864	4879	14
S01_EP09	6176	6191	14
S01_EP11	990	1005	14
S01_EP08	1188	1203	14
S01_EP05	1852	1867	14
S01_EP09	5838	5853	14
S01_EP02	1646	1661	14
S01_EP05	4092	4107	1,14,19,28
S01_EP10	829	844	1,14,28
S01_EP09	3211	3226	1,14
S01_EP21	5041	5056	1,28,14
S01_EP14	6804	6819	14,19
S01_EP13	5177	5192	14
S01_EP06	3788	3803	14
S01_EP03	6227	6242	14,19
S01_EP22	5928	5943	14
S01_EP06	3804	3819	14
S01_EP09	905	920	28,14,21
S01_EP09	5466	5481	14
S01_EP09	5354	5369	14
S01_EP11	3859	3874	14
S01_EP11	4310	4325	14
S01_EP06	2853	2868	14,21
S01_EP03	4818	4833	14,19
S01_EP17	2850	2865	14
S01_EP05	2424	2439	14,19
S01_EP03	1512	1527	14,19
S01_EP12	2891	2906	14,28
S01_EP08	4934	4949	14
S01_EP12	3144	3159	14,28
S01_EP02	2094	2109	14
S01_EP15	2394	2409	14,21
S01_EP03	5043	5058	14
S01_EP03	3066	3081	14,19
S01_EP06	3378	3393	14,28
S01_EP22	6718	6733	28,14
S01_EP05	5492	5507	1,14,19,21
S01_EP09	5679	5694	28,14
S01_EP21	1703	1718	14
S01_EP09	4121	4136	14
S01_EP02	2308	2323	14
S01_EP09	4311	4326	14
S01_EP05	1872	1887	14,19
S01_EP09	2728	2743	14,21
S01_EP05	6210	6225	14
S01_EP09	1294	1309	1,14
S01_EP14	675	690	28,14,19,21,1
S01_EP02	1620	1635	14
S01_EP08	4271	4286	14,28
S01_EP05	2034	2049	14,19
S01_EP23	1754	1769	28,14
S01_EP03	2698	2713	14
S01_EP06	2399	2414	14,28
S01_EP09	4168	4183	14
S01_EP21	4899	4914	14,28
S01_EP14	2651	2666	14,19
S01_EP09	2315	2330	28,14
S01_EP12	391	406	14
S01_EP11	3563	3578	14
S01_EP22	4975	4990	1,14
S01_EP12	3245	3260	14
S01_EP06	2384	2399	14
S01_EP08	2128	2143	14
S01_EP03	3600	3615	14,28
S01_EP09	889	904	28,14,21
S01_EP13	5045	5060	14
S01_EP01	2793	2808	14,19,28
S01_EP12	3190	3205	14
S01_EP21	4880	4895	14
S01_EP23	31	46	1,14
S01_EP06	2363	2378	14
S01_EP09	1278	1293	1,14
S01_EP10	3154	3169	1,14
S01_EP10	5369	5384	14
S01_EP18	200	215	28,14
S01_EP09	5370	5385	14
S01_EP04	26	41	1,28
S01_EP01	1141	1156	1
S01_EP09	1624	1639	1
S01_EP03	4416	4431	1
S01_EP21	1965	1980	1
S01_EP10	118	133	1
S01_EP05	4578	4593	1,19
S01_EP18	4285	4300	1,28
S01_EP23	1831	1846	1,28
S01_EP13	2465	2480	1
S01_EP05	4208	4223	1,21
S01_EP16	3605	3620	1
S01_EP21	6167	6182	1,28
S01_EP01	5597	5612	1,28
S01_EP16	4174	4189	1
S01_EP12	464	479	1
S01_EP23	3090	3105	1
S01_EP22	4934	4949	1,28
S01_EP21	2070	2085	1
S01_EP14	5876	5891	1,21
S01_EP08	208	223	1
S01_EP16	4368	4383	1
S01_EP03	3200	3215	1,21
S01_EP14	2956	2971	1,21
S01_EP17	5694	5709	1
S01_EP17	5710	5725	1
S01_EP03	1856	1871	1
S01_EP22	4551	4566	1
S01_EP04	6726	6741	1,28
S01_EP06	3769	3784	1,28
S01_EP23	331	346	1
S01_EP03	6706	6721	1
S01_EP05	2413	2428	1,28,19
S01_EP14	802	817	1,28,19,21
S01_EP02	4495	4510	1
S01_EP08	2498	2513	1
S01_EP09	1608	1623	1
S01_EP04	2993	3008	1
S01_EP21	4130	4145	1,28
S01_EP11	67	82	1
S01_EP09	1238	1253	1
S01_EP03	5594	5609	1
S01_EP11	5927	5942	1
S01_EP12	254	269	1,28
S01_EP09	5950	5965	1
S01_EP01	5563	5578	1
S01_EP01	1504	1519	1,28
S01_EP16	3621	3636	1
S01_EP09	3006	3021	1
S01_EP04	6263	6278	1
S01_EP12	3530	3545	1
S01_EP21	3247	3262	1,28
S01_EP18	4245	4260	1
S01_EP04	1479	1494	1,28
S01_EP04	42	57	1,28
S01_EP01	2251	2266	1,21
S01_EP14	2924	2939	1,21
S01_EP01	1831	1846	1
S01_EP05	4196	4211	1,21
S01_EP10	1706	1721	1,28
S01_EP09	1640	1655	1
S01_EP05	5587	5602	1,19
S01_EP09	6118	6133	1
S01_EP02	1658	1673	1
S01_EP14	1238	1253	1,19
S01_EP18	4269	4284	1,28
S01_EP05	4844	4859	1,21
S01_EP09	3200	3215	1
S01_EP21	1510	1525	1
S01_EP14	6637	6652	1,21
S01_EP14	1302	1317	1,19
S01_EP21	6183	6198	1,28
S01_EP03	6396	6411	1
S01_EP08	140	155	1
S01_EP10	6313	6328	1
S01_EP08	196	211	1
S01_EP09	2459	2474	1,28
S01_EP18	2738	2753	1
S01_EP10	4676	4691	1
S01_EP04	6231	6246	1
S01_EP03	5732	5747	1
S01_EP21	4189	4204	1
S01_EP05	4828	4843	1,21
S01_EP21	187	202	1,28,19
S01_EP03	4720	4735	1
S01_EP10	1690	1705	1,28
S01_EP12	813	828	1,28
S01_EP04	2632	2647	1
S01_EP01	3027	3042	1
S01_EP14	2876	2891	1,21
S01_EP16	3653	3668	1
S01_EP18	269	284	1,28
S01_EP10	3666	3681	1
S01_EP03	5562	5577	1
S01_EP09	5977	5992	1
S01_EP05	5513	5528	1,19
S01_EP09	2105	2120	1
S01_EP10	179	194	1
S01_EP21	1955	1970	1
S01_EP04	2358	2373	1
S01_EP16	3669	3684	1
S01_EP14	1318	1333	1,19
S01_EP14	2908	2923	1,21
S01_EP21	3221	3236	1
S01_EP04	2390	2405	1
S01_EP04	5058	5073	1
S01_EP10	5178	5193	1
S01_EP08	184	199	1
S01_EP09	1254	1269	1
S01_EP01	3063	3078	1,28
S01_EP18	4301	4316	1,28
S01_EP09	978	993	1
S01_EP11	5911	5926	1
S01_EP09	3891	3906	1,19
S01_EP14	243	258	1,28,19
S01_EP10	4810	4825	1
S01_EP02	2148	2163	1,28
S01_EP03	2089	2104	1
S01_EP09	1656	1671	1
S01_EP18	2754	2769	1
S01_EP12	1928	1943	1
S01_EP22	4580	4595	1
S01_EP14	2252	2267	1,21
S01_EP05	5529	5544	1,19
S01_EP08	1684	1699	1
S01_EP09	1704	1719	1
S01_EP06	5937	5952	1,19
S01_EP11	4546	4561	1
S01_EP06	3737	3752	1,28
S01_EP03	6790	6805	1
S01_EP09	3875	3890	1,19
S01_EP10	3238	3253	1
S01_EP09	3238	3253	1
S01_EP21	6151	6166	1,28
S01_EP10	1722	1737	1,28
S01_EP05	5722	5737	1,19
S01_EP14	1270	1285	1,19
S01_EP05	6222	6237	1
S01_EP21	1360	1375	1
S01_EP11	96	111	1
S01_EP17	5672	5687	1
S01_EP14	1334	1349	1,19
S01_EP22	4564	4579	1
S01_EP17	5726	5741	1
S01_EP04	3009	3024	1
S01_EP02	6404	6419	1
S01_EP11	51	66	1
S01_EP02	1405	1420	1,19
S01_EP23	3471	3486	1,28
S01_EP10	5210	5225	1
S01_EP03	5613	5628	1
S01_EP12	2976	2991	1
S01_EP01	1986	2001	1
S01_EP10	3712	3727	1
S01_EP14	4280	4295	1,19,21
S01_EP12	3028	3043	1,28
S01_EP16	3637	3652	1
S01_EP08	1319	1334	1
S01_EP10	1421	1436	1
S01_EP08	5339	5354	1
S01_EP10	1674	1689	1,28
S01_EP05	4903	4918	1
S01_EP02	1329	1344	1
S01_EP09	1552	1567	1
S01_EP01	1979	1994	1
S01_EP09	300	315	1
S01_EP01	4460	4475	1,28
S01_EP21	3358	3373	1,28
S01_EP02	802	817	1
S01_EP06	3753	3768	1,28
S01_EP10	848	863	1,28
S01_EP09	3038	3053	1
S01_EP04	2374	2389	1
S01_EP09	5942	5957	1
S01_EP08	171	186	1
S01_EP03	3183	3198	1
S01_EP03	5638	5653	1,28
S01_EP14	2940	2955	1,21
S01_EP09	3022	3037	1
S01_EP14	842	857	1,28,19,21
S01_EP03	1618	1633	1,28
S01_EP18	5271	5286	1
S01_EP05	579	594	21
S01_EP14	5161	5176	28,21
S01_EP05	909	924	21
S01_EP19	6562	6577	28,21
S01_EP14	5500	5515	21
S01_EP15	6307	6322	21
S01_EP21	6420	6435	21
S01_EP05	802	817	21
S01_EP05	634	649	21
S01_EP05	194	209	21
S01_EP19	1979	1994	19,21
S01_EP14	6259	6274	21
S01_EP14	5945	5960	21
S01_EP14	6383	6398	21
S01_EP19	6764	6779	21
S01_EP05	115	130	21
S01_EP19	1995	2010	19,21
S01_EP14	6147	6162	21
S01_EP15	675	690	21
S01_EP03	1192	1207	21
S01_EP15	1121	1136	21
S01_EP14	3526	3541	21
S01_EP19	1907	1922	28,21
S01_EP10	6601	6616	21
S01_EP14	711	726	28,21
S01_EP05	5816	5831	21
S01_EP14	5516	5531	21
S01_EP15	3250	3265	19,21
S01_EP14	5662	5677	21
S01_EP14	5567	5582	21
S01_EP21	6404	6419	21
S01_EP14	3775	3790	28,21
S01_EP05	1204	1219	21
S01_EP01	5451	5466	21
S01_EP02	2383	2398	21
S01_EP14	6131	6146	21
S01_EP15	1969	1984	21
S01_EP19	6165	6180	21
S01_EP15	554	569	19,21
S01_EP14	2160	2175	21
S01_EP19	6622	6637	28,21
S01_EP15	1375	1390	19,21
S01_EP19	6577	6592	28,21
S01_EP14	1585	1600	21
S01_EP14	2728	2743	28,21
S01_EP10	6617	6632	21
S01_EP19	387	402	19,21
S01_EP15	129	144	21
S01_EP05	5866	5881	21
S01_EP15	1087	1102	21
S01_EP14	2056	2071	21
S01_EP15	2359	2374	21
S01_EP15	6339	6354	19,21
S01_EP15	1658	1673	19,21
S01_EP05	1050	1065	21
S01_EP15	3088	3103	21
S01_EP05	650	665	21
S01_EP05	4934	4949	19,21
S01_EP15	3490	3505	21
S01_EP19	403	418	19,21
S01_EP01	1222	1237	28,21
S01_EP05	5801	5816	21
S01_EP15	4746	4761	21
S01_EP02	2660	2675	21
S01_EP19	6105	6120	21
S01_EP15	3176	3191	19,21
S01_EP05	2581	2596	21
S01_EP19	6137	6152	21
S01_EP14	5858	5873	21
S01_EP19	6252	6267	28,21
S01_EP14	6647	6662	21
S01_EP05	2566	2581	21
S01_EP15	3281	3296	21
S01_EP19	4059	4074	21
S01_EP05	4174	4189	21
S01_EP05	11	26	19,21
S01_EP19	726	741	21
S01_EP15	2010	2025	21
S01_EP14	5263	5278	21
S01_EP05	4777	4792	21
S01_EP14	5823	5838	21
S01_EP05	59	74	28,21
S01_EP15	5760	5775	19,21
S01_EP14	6163	6178	21
S01_EP15	1171	1186	21
S01_EP05	219	234	21
S01_EP14	3743	3758	28,21
S01_EP14	2226	2241	21
S01_EP03	3892	3907	21
S01_EP14	5281	5296	21
S01_EP05	883	898	21
S01_EP05	761	776	21
S01_EP15	3518	3533	19,21
S01_EP04	898	913	28,21
S01_EP15	6364	6379	19,21
S01_EP19	1181	1196	19,21
S01_EP09	830	845	21
S01_EP05	4983	4998	21
S01_EP14	721	736	19,21
S01_EP14	2072	2087	21
S01_EP05	2589	2604	21
S01_EP12	1067	1082	28,21
S01_EP21	1612	1627	21
S01_EP05	4995	5010	19,21
S01_EP14	6197	6212	21
S01_EP15	1187	1202	21
S01_EP15	1395	1410	21
S01_EP15	3413	3428	21
S01_EP15	3224	3239	19,21
S01_EP05	4950	4965	19,21
S01_EP15	6280	6295	21
S01_EP14	4229	4244	21
S01_EP19	6268	6283	28,21
S01_EP15	915	930	21
S01_EP05	843	858	21
S01_EP19	441	456	19,21
S01_EP05	2839	2854	19,21
S01_EP15	5550	5565	21
S01_EP21	778	793	28,21
S01_EP14	4198	4213	19,21
S01_EP03	1173	1188	21
S01_EP14	1000	1015	21
S01_EP15	3532	3547	21
S01_EP19	756	771	28,21
S01_EP15	3038	3053	21
S01_EP15	994	1009	21
S01_EP05	817	832	21
S01_EP15	698	713	21
S01_EP12	1837	1852	21
S01_EP14	2783	2798	28,21
S01_EP09	4477	4492	21
S01_EP14	5112	5127	21
S01_EP15	32	47	19,21
S01_EP14	5897	5912	21
S01_EP14	1744	1759	21
S01_EP05	786	801	21
S01_EP10	1902	1917	21
S01_EP19	6533	6548	19,21
S01_EP15	2027	2042	21
S01_EP19	1166	1181	19,21
S01_EP15	3317	3332	21
S01_EP15	5464	5479	21
S01_EP12	4838	4853	21
S01_EP14	700	715	19,21
S01_EP03	5120	5135	19,21
S01_EP05	2612	2627	19,21
S01_EP05	2125	2140	21
S01_EP15	3266	3281	19,21
S01_EP15	1302	1317	21
S01_EP05	558	573	19,21
S01_EP14	6048	6063	21
S01_EP19	1261	1276	28,21
S01_EP15	1467	1482	19,21
S01_EP05	91	106	19,21
S01_EP19	6332	6347	28,21
S01_EP09	3839	3854	21
S01_EP15	2148	2163	28,19,21
S01_EP14	1852	1867	21
S01_EP05	735	750	21
S01_EP14	5929	5944	21
S01_EP05	931	946	21
S01_EP19	4965	4980	19,21
S01_EP05	83	98	21
S01_EP14	762	777	21
S01_EP19	3947	3962	21
S01_EP19	6686	6701	28,21
S01_EP15	16	31	19,21
S01_EP05	624	639	21
S01_EP03	45	60	21
S01_EP05	71	86	21
S01_EP15	6669	6684	19,21
S01_EP15	4705	4720	19,21
S01_EP14	2712	2727	28,21
S01_EP05	2104	2119	21
S01_EP05	4793	4808	21
S01_EP14	6679	6694	21
S01_EP12	1051	1066	28,21
S01_EP05	162	177	21
S01_EP15	719	734	21
S01_EP14	6288	6303	21
S01_EP14	5961	5976	21
S01_EP15	2280	2295	21
S01_EP14	6711	6726	21
S01_EP19	6654	6669	28,21
S01_EP15	1575	1590	21
S01_EP19	6606	6621	28,21
S01_EP19	1299	1314	19,21
S01_EP14	5193	5208	28,21
S01_EP15	6765	6780	19,21
S01_EP19	6670	6685	28,21
S01_EP19	3980	3995	19,21
S01_EP14	5435	5450	21
S01_EP14	2239	2254	21
S01_EP05	827	842	21
S01_EP03	6465	6480	21
S01_EP15	1699	1714	21
S01_EP15	1511	1526	19,21
S01_EP05	5400	5415	21
S01_EP15	843	858	21
S01_EP14	1829	1844	21
S01_EP05	181	196	21
S01_EP03	418	433	28,19,21
S01_EP15	4721	4736	19,21
S01_EP15	91	106	19,21
S01_EP15	1555	1570	21
S01_EP19	6237	6252	21
S01_EP15	1147	1162	21
S01_EP15	1279	1294	19,21
S01_EP19	6181	6196	21
S01_EP19	1891	1906	28,21
S01_EP15	5534	5549	19,21
S01_EP15	5593	5608	21
S01_EP15	6293	6308	19,21
S01_EP15	5577	5592	21
S01_EP15	4785	4800	21
S01_EP05	5373	5388	21
S01_EP14	2024	2039	21
S01_EP05	2810	2825	21
S01_EP14	6465	6480	21
S01_EP15	1674	1689	19,21
S01_EP14	6080	6095	21
S01_EP15	1211	1226	21
S01_EP15	6380	6395	19,21
S01_EP15	1456	1471	21
S01_EP15	6749	6764	19,21
S01_EP19	6780	6795	21
S01_EP14	3818	3833	28,19,21
S01_EP15	2262	2277	19,21
S01_EP15	5674	5689	21
S01_EP19	4046	4061	28,19,21
S01_EP14	6695	6710	21
S01_EP15	6815	6830	21
S01_EP19	3996	4011	19,21
S01_EP15	810	825	19,21
S01_EP19	422	437	28,21
S01_EP19	3915	3930	19,21
S01_EP15	6733	6748	19,21
S01_EP19	1014	1029	28,21
S01_EP15	6577	6592	19,21
S01_EP19	1939	1954	28,21
S01_EP15	3160	3175	19,21
S01_EP15	3333	3348	21
S01_EP04	841	856	28,21
S01_EP05	5011	5026	19,21
S01_EP19	1923	1938	28,21
S01_EP19	6284	6299	28,21
S01_EP14	5395	5410	21
S01_EP15	1330	1345	19,21
S01_EP10	4750	4765	21
S01_EP19	513	528	19,21
S01_EP19	801	816	21
S01_EP05	4123	4138	21
S01_EP15	48	63	19,21
S01_EP14	3558	3573	21
S01_EP09	4503	4518	21
S01_EP15	1884	1899	21
S01_EP15	1268	1283	21
S01_EP15	5769	5784	21
S01_EP19	817	832	21
S01_EP14	5350	5365	21
S01_EP15	6594	6609	19,21
S01_EP19	864	879	21
S01_EP19	740	755	28,21
S01_EP19	772	787	28,21
S01_EP14	3418	3433	21
S01_EP15	3104	3119	21
S01_EP15	1483	1498	19,21
S01_EP16	2926	2941	21
S01_EP05	4660	4675	19,21
S01_EP15	1071	1086	21
S01_EP15	1531	1546	19,21
S01_EP14	6336	6351	21
S01_EP14	5321	5336	21
S01_EP15	2197	2212	28,21
S01_EP19	974	989	21
S01_EP14	2094	2109	21
S01_EP04	866	881	28,21
S01_EP19	635	650	21
S01_EP19	3899	3914	19,21
S01_EP05	4918	4933	19,21
S01_EP14	1030	1045	28,21
S01_EP03	6481	6496	21
S01_EP15	2693	2708	21
S01_EP15	2670	2685	19,21
S01_EP05	984	999	21
S01_EP05	2896	2911	21
S01_EP14	6581	6596	21
S01_EP14	6229	6244	21
S01_EP05	2800	2815	21
S01_EP14	3482	3497	21
S01_EP15	1025	1040	21
S01_EP15	1953	1968	21
S01_EP15	1595	1610	21
S01_EP05	963	978	21
S01_EP14	3434	3449	21
S01_EP05	716	731	21
S01_EP15	1938	1953	21
S01_EP14	3542	3557	21
S01_EP15	1786	1801	21
S01_EP14	3791	3806	28,21
S01_EP15	2236	2251	21
S01_EP09	4535	4550	21
S01_EP15	5752	5767	21
S01_EP14	5228	5243	28,21
S01_EP19	1963	1978	19,21
S01_EP15	4689	4704	19,21
S01_EP14	5244	5259	21
S01_EP03	1157	1172	21
S01_EP17	4668	4683	21
S01_EP15	1739	1754	21
S01_EP19	6316	6331	28,21
S01_EP15	1012	1027	21
S01_EP19	6220	6235	21
S01_EP05	150	165	21
S01_EP14	3834	3849	28,19,21
S01_EP15	756	771	21
S01_EP05	273	288	21
S01_EP05	4156	4171	21
S01_EP14	5788	5803	21
S01_EP19	832	847	21
S01_EP15	2734	2749	19,21
S01_EP14	3759	3774	28,21
S01_EP15	1815	1830	21
S01_EP01	1208	1223	28,21
S01_EP14	5913	5928	21
S01_EP14	1015	1030	21
S01_EP05	1139	1154	21
S01_EP08	5205	5220	21
S01_EP15	1346	1361	19,21
S01_EP15	614	629	21
S01_EP15	1994	2009	21
S01_EP03	586	601	21
S01_EP15	893	908	21
S01_EP19	4127	4142	21
S01_EP15	76	91	21
S01_EP19	848	863	21
S01_EP05	103	118	21
S01_EP14	6179	6194	21
S01_EP15	1910	1925	19,21
S01_EP15	2160	2175	21
S01_EP19	675	690	21
S01_EP19	989	1004	21
S01_EP04	3240	3255	21
S01_EP05	857	872	21
S01_EP14	1781	1796	21
S01_EP19	1324	1339	19,21
S01_EP14	984	999	21
S01_EP05	4342	4357	19
S01_EP14	1366	1381	19
S01_EP05	2792	2807	19
S01_EP19	2765	2780	28,19
S01_EP19	1552	1567	19
S01_EP05	2054	2069	19
S01_EP19	1467	1482	28,19
S01_EP05	1776	1791	19
S01_EP14	2302	2317	19
S01_EP14	3376	3391	28,19
S01_EP14	1917	1932	19
S01_EP19	5678	5693	19
S01_EP19	5273	5288	19
S01_EP05	1794	1809	19
S01_EP19	1593	1608	19
S01_EP19	2895	2910	19
S01_EP05	1648	1663	19
S01_EP15	6058	6073	19
S01_EP05	3287	3302	19
S01_EP01	5077	5092	19
S01_EP15	4855	4870	28,19
S01_EP19	3486	3501	19
S01_EP15	2811	2826	19
S01_EP14	3328	3343	28,19
S01_EP15	5250	5265	19
S01_EP05	4635	4650	19
S01_EP14	2632	2647	19
S01_EP14	4143	4158	19
S01_EP15	4839	4854	28,19
S01_EP15	3831	3846	19
S01_EP15	3911	3926	19
S01_EP19	4507	4522	19
S01_EP19	1286	1301	19
S01_EP19	2981	2996	19
S01_EP05	1680	1695	19
S01_EP15	4823	4838	28,19
S01_EP15	6011	6026	19
S01_EP19	2781	2796	28,19
S01_EP14	1163	1178	19
S01_EP13	2419	2434	19
S01_EP15	5995	6010	19
S01_EP15	877	892	19
S01_EP03	426	441	19
S01_EP01	6186	6201	19
S01_EP15	2576	2591	19
S01_EP19	5811	5826	19
S01_EP15	1585	1600	19
S01_EP10	2968	2983	19
S01_EP15	2324	2339	19
S01_EP15	5172	5187	19
S01_EP15	3352	3367	19
S01_EP05	5766	5781	19
S01_EP04	4929	4944	28,19
S01_EP05	3607	3622	19
S01_EP14	1494	1509	19
S01_EP15	5391	5406	19
S01_EP14	3299	3314	19
S01_EP19	1312	1327	19
S01_EP05	3899	3914	19
S01_EP19	3370	3385	19
S01_EP19	3038	3053	28,19
S01_EP19	2479	2494	28,19
S01_EP14	4178	4193	19
S01_EP19	4361	4376	19
S01_EP19	1730	1745	19
S01_EP05	1292	1307	19
S01_EP19	3006	3021	28,19
S01_EP19	5573	5588	28,19
S01_EP15	6510	6525	19
S01_EP15	5198	5213	19
S01_EP15	6409	6424	19
S01_EP14	3344	3359	28,19
S01_EP15	6425	6440	19
S01_EP05	6632	6647	19
S01_EP15	3561	3576	19
S01_EP19	2423	2438	19
S01_EP19	2399	2414	28,19
S01_EP19	594	609	19
S01_EP05	2673	2688	19
S01_EP15	650	665	19
S01_EP15	3589	3604	19
S01_EP15	2850	2865	19
S01_EP03	5213	5228	28,19
S01_EP14	5775	5790	19
S01_EP15	3927	3942	19
S01_EP19	1127	1142	28,19
S01_EP19	1603	1618	28,19
S01_EP19	3179	3194	19
S01_EP05	4077	4092	28,19
S01_EP05	5646	5661	19
S01_EP15	822	837	19
S01_EP23	1081	1096	19
S01_EP19	2942	2957	19
S01_EP05	1228	1243	19
S01_EP19	6090	6105	28,19
S01_EP15	6525	6540	19
S01_EP19	1717	1732	28,19
S01_EP19	4340	4355	19
S01_EP15	3991	4006	19
S01_EP19	5596	5611	19
S01_EP21	2829	2844	19
S01_EP15	5278	5293	19
S01_EP15	4529	4544	19
S01_EP15	2479	2494	19
S01_EP19	4619	4634	19
S01_EP15	4209	4224	28,19
S01_EP15	2454	2469	19
S01_EP14	1867	1882	19
S01_EP04	1568	1583	28,19
S01_EP19	3700	3715	19
S01_EP14	1398	1413	19
S01_EP19	4188	4203	19
S01_EP19	5831	5846	19
S01_EP05	2378	2393	19
S01_EP15	5030	5045	19
S01_EP19	5309	5324	19
S01_EP10	3000	3015	19
S01_EP14	4029	4044	28,19
S01_EP03	442	457	19
S01_EP01	6170	6185	19
S01_EP15	3799	3814	19
S01_EP19	3429	3444	19
S01_EP05	4042	4057	19
S01_EP19	1650	1665	19
S01_EP05	2466	2481	19
S01_EP15	5894	5909	19
S01_EP14	1634	1649	28,19
S01_EP01	6622	6637	19
S01_EP19	2916	2931	19
S01_EP19	25	40	19
S01_EP19	5346	5361	19
S01_EP19	1634	1649	19
S01_EP02	3647	3662	19
S01_EP15	4416	4431	28,19
S01_EP14	2334	2349	19
S01_EP05	1664	1679	19
S01_EP15	1563	1578	19
S01_EP19	5164	5179	19
S01_EP15	588	603	19
S01_EP15	1896	1911	19
S01_EP19	3625	3640	19
S01_EP15	6080	6095	19
S01_EP19	3641	3656	28,19
S01_EP19	4672	4687	19
S01_EP14	1195	1210	19
S01_EP15	6487	6502	19
S01_EP19	4268	4283	19
S01_EP14	4086	4101	19
S01_EP19	5844	5859	19
S01_EP19	1269	1284	19
S01_EP05	923	938	19
S01_EP05	3371	3386	19
S01_EP14	634	649	19
S01_EP03	6819	6834	19
S01_EP05	3655	3670	19
S01_EP05	3687	3702	19
S01_EP14	1414	1429	19
S01_EP05	5055	5070	19
S01_EP19	4842	4857	19
S01_EP14	3281	3296	19
S01_EP14	1839	1854	19
S01_EP19	1795	1810	28,19
S01_EP19	4391	4406	19
S01_EP19	2255	2270	28,19
S01_EP12	5536	5551	28,19
S01_EP15	4985	5000	19
S01_EP15	5338	5353	19
S01_EP05	5621	5636	19
S01_EP02	1578	1593	19
S01_EP14	3160	3175	28,19
S01_EP15	2592	2607	19
S01_EP15	3545	3560	19
S01_EP05	1540	1555	19
S01_EP19	4454	4469	19
S01_EP15	2704	2719	19
S01_EP03	5261	5276	28,19
S01_EP05	1928	1943	19
S01_EP19	86	101	19
S01_EP05	2261	2276	19
S01_EP19	5378	5393	19
S01_EP14	1904	1919	19
S01_EP14	1430	1445	19
S01_EP15	4114	4129	19
S01_EP19	604	619	19
S01_EP15	1261	1276	19
S01_EP19	4173	4188	19
S01_EP05	4326	4341	19
S01_EP15	5979	5994	19
S01_EP02	1412	1427	19
S01_EP19	1811	1826	28,19
S01_EP19	5658	5673	19
S01_EP15	2911	2926	19
S01_EP19	3454	3469	19
S01_EP19	1213	1228	19
S01_EP15	2510	2525	19
S01_EP14	1562	1577	19
S01_EP19	2856	2871	19
S01_EP01	6596	6611	28,19
S01_EP14	1382	1397	19
S01_EP14	3939	3954	28,19
S01_EP06	3275	3290	19
S01_EP05	3875	3890	19
S01_EP14	2558	2573	19
S01_EP15	6169	6184	19
S01_EP19	1702	1717	19
S01_EP19	4300	4315	19
S01_EP19	4098	4113	19
S01_EP05	1606	1621	19
S01_EP15	6196	6211	19
S01_EP15	4656	4671	19
S01_EP19	3545	3560	28,19
S01_EP05	3714	3729	19
S01_EP19	2642	2657	19
S01_EP15	4098	4113	19
S01_EP19	5613	5628	19
S01_EP15	3636	3651	19
S01_EP15	1249	1264	19
S01_EP15	3657	3672	19
S01_EP15	4918	4933	19
S01_EP19	1390	1405	28,19
S01_EP19	5498	5513	28,19
S01_EP05	2689	2704	19
S01_EP05	3920	3935	19
S01_EP19	4688	4703	19
S01_EP05	1567	1582	19
S01_EP14	2398	2413	19
S01_EP05	3443	3458	19
S01_EP15	4545	4560	19
S01_EP05	3766	3781	19
S01_EP15	5878	5893	19
S01_EP19	4467	4482	19
S01_EP19	3561	3576	28,19
S01_EP19	3829	3844	19
S01_EP15	3434	3449	19
S01_EP19	5066	5081	19
S01_EP19	2358	2373	19
S01_EP01	684	699	28,19
S01_EP15	6541	6556	19
S01_EP19	5251	5266	19
S01_EP14	1478	1493	19
S01_EP15	3879	3894	19
S01_EP05	5071	5086	19
S01_EP05	3591	3606	19
S01_EP19	5557	5572	28,19
S01_EP19	102	117	19
S01_EP15	5131	5146	19
S01_EP15	5146	5161	19
S01_EP19	5852	5867	19
S01_EP15	3368	3383	19
S01_EP03	5229	5244	28,19
S01_EP19	5887	5902	19
S01_EP14	3312	3327	28,19
S01_EP15	5735	5750	19
S01_EP19	5862	5877	19
S01_EP19	5638	5653	28,19
S01_EP15	3739	3754	19
S01_EP14	1666	1681	28,19
S01_EP14	1710	1725	19
S01_EP14	3882	3897	28,19
S01_EP19	3728	3743	19
S01_EP19	3413	3428	19
S01_EP14	2601	2616	19
S01_EP05	1728	1743	19
S01_EP19	5933	5948	28,19
S01_EP14	2382	2397	19
S01_EP19	583	598	19
S01_EP02	2631	2646	28,19
S01_EP15	3815	3830	19
S01_EP03	5245	5260	28,19
S01_EP19	492	507	19
S01_EP19	3762	3777	19
S01_EP19	5394	5409	19
S01_EP14	2616	2631	19
S01_EP19	5949	5964	28,19
S01_EP03	5582	5597	19
S01_EP15	3783	3798	19
S01_EP01	2824	2839	19
S01_EP05	4358	4373	19
S01_EP19	4082	4097	19
S01_EP01	6202	6217	19
S01_EP15	4138	4153	19
S01_EP14	4042	4057	19
S01_EP03	1776	1791	19
S01_EP19	4142	4157	19
S01_EP19	6749	6764	28,19
S01_EP15	1411	1426	19
S01_EP05	1696	1711	19
S01_EP15	3895	3910	19
S01_EP03	1760	1775	19
S01_EP15	3689	3704	19
S01_EP15	1385	1400	19
S01_EP19	5410	5425	19
S01_EP19	3054	3069	28,19
S01_EP05	3671	3686	19
S01_EP05	1588	1603	19
S01_EP19	2368	2383	28,19
S01_EP15	1608	1623	19
S01_EP19	2330	2345	19
S01_EP05	2362	2377	19
S01_EP05	1857	1872	19
S01_EP15	2414	2429	19
S01_EP19	1446	1461	19
S01_EP19	2231	2246	28,19
S01_EP19	4224	4239	19
S01_EP15	2536	2551	19
S01_EP15	4956	4971	19
S01_EP19	3813	3828	19
S01_EP19	5751	5766	19
S01_EP19	4791	4806	28,19
S01_EP14	1462	1477	19
S01_EP19	3272	3287	19
S01_EP19	6029	6044	28,19
S01_EP15	2085	2100	28,19
S01_EP19	4826	4841	19
S01_EP19	3195	3210	19
S01_EP05	4290	4305	19
S01_EP05	3824	3839	19
S01_EP19	2205	2220	19
S01_EP19	1496	1511	19
S01_EP19	1344	1359	28,19
S01_EP19	3124	3139	19
S01_EP14	1650	1665	28,19
S01_EP15	3673	3688	19
S01_EP15	6032	6047	19
S01_EP05	1997	2012	19
S01_EP19	5965	5980	28,19
S01_EP19	1425	1440	28,19
S01_EP19	3746	3761	19
S01_EP05	3859	3874	19
S01_EP15	3751	3766	19
S01_EP14	1546	1561	19
S01_EP19	5261	5276	28,19
S01_EP19	5362	5377	19
S01_EP15	4169	4184	19
S01_EP11	4102	4117	19
S01_EP15	1221	1236	19
S01_EP19	2716	2731	19
S01_EP05	2232	2247	19
S01_EP10	2984	2999	19
S01_EP14	4103	4118	28,19
S01_EP05	1598	1613	19
S01_EP19	4746	4761	19
S01_EP03	3474	3489	19
S01_EP15	4640	4655	19
S01_EP14	1446	1461	19
S01_EP19	1276	1291	19
S01_EP19	2153	2168	19
S01_EP01	5061	5076	19
S01_EP19	3382	3397	19
S01_EP15	3397	3412	19
S01_EP06	5916	5931	19
S01_EP14	604	619	19
S01_EP05	5087	5102	19
S01_EP14	3392	3407	28,19
S01_EP05	3981	3996	28,19
S01_EP19	3254	3269	19
S01_EP05	4972	4987	19
S01_EP01	3000	3015	19
S01_EP05	4306	4321	19
S01_EP14	290	305	19
S01_EP19	1243	1258	19
S01_EP05	1760	1775	19
S01_EP05	3336	3351	19
S01_EP05	1091	1106	19
S01_EP19	1669	1684	19
S01_EP14	2318	2333	19
S01_EP04	6186	6201	19
S01_EP14	331	346	28,19
S01_EP15	1448	1463	19
S01_EP14	3144	3159	28,19
S01_EP14	2350	2365	19
S01_EP15	3959	3974	19
S01_EP15	3712	3727	19
S01_EP15	6564	6579	19
S01_EP15	5862	5877	19
S01_EP15	4241	4256	28,19
S01_EP15	6147	6162	28,19
S01_EP19	3797	3812	19
S01_EP14	1147	1162	19
S01_EP19	4284	4299	19
S01_EP01	5096	5111	19
S01_EP19	5690	5705	19
S01_EP19	1512	1527	19
S01_EP19	2343	2358	19
S01_EP15	4023	4038	19
S01_EP14	4006	4021	19
S01_EP19	5026	5041	19
S01_EP05	2292	2307	19
S01_EP19	1532	1547	28,19
S01_EP05	1551	1566	19
S01_EP05	3496	3511	19
S01_EP19	2140	2155	19
S01_EP14	4119	4134	28,19
S01_EP15	1233	1248	19
S01_EP05	1712	1727	19
S01_EP19	5903	5918	19
S01_EP15	2052	2067	19
S01_EP19	2797	2812	28,19
S01_EP15	3975	3990	19
S01_EP14	3965	3980	19
S01_EP05	5654	5669	19
S01_EP14	1131	1146	19
S01_EP05	1308	1323	19
S01_EP15	3645	3660	19
S01_EP15	2834	2849	19
S01_EP19	4656	4671	19
S01_EP01	5045	5060	19
S01_EP15	6604	6619	19
S01_EP19	2509	2524	19
S01_EP15	5318	5333	19
S01_EP05	3352	3367	19
S01_EP15	708	723	19
S01_EP19	5148	5163	19
S01_EP19	4950	4965	19
S01_EP02	3307	3322	19
S01_EP05	2773	2788	19
S01_EP14	2481	2496	19
S01_EP05	2721	2736	19
S01_EP19	3712	3727	19
S01_EP15	5060	5075	19
S01_EP15	5218	5233	19
S01_EP15	2340	2355	19
S01_EP05	3938	3953	19
S01_EP19	2836	2851	19
S01_EP19	1227	1242	19
S01_EP05	586	601	19
S01_EP15	5916	5931	19
S01_EP03	2906	2921	19
S01_EP15	4007	4022	19
S01_EP05	5664	5679	19
S01_EP14	277	292	19
S01_EP19	3529	3544	28,19
S01_EP15	5406	5421	19
S01_EP05	3623	3638	19
S01_EP15	4067	4082	19
S01_EP14	4264	4279	19
S01_EP14	4248	4263	19
S01_EP15	4079	4094	19
S01_EP19	3577	3592	28,19
S01_EP05	2215	2230	19
S01_EP15	2552	2567	19
S01_EP01	2840	2855	19
S01_EP19	2120	2135	19
S01_EP15	5932	5947	19
S01_EP15	4400	4415	28,19
S01_EP19	1573	1588	19
S01_EP14	4159	4174	28,19
S01_EP15	5001	5016	19
S01_EP14	615	630	19
S01_EP14	2414	2429	19
S01_EP19	5785	5800	19
S01_EP03	538	553	19
S01_EP05	3965	3980	28,19
S01_EP19	4548	4563	19
S01_EP05	3889	3904	19
S01_EP06	3599	3614	28
S01_EP12	1467	1482	28
S01_EP04	1294	1309	28
S01_EP21	3957	3972	28
S01_EP05	6708	6723	28
S01_EP18	1584	1599	28
S01_EP07	2958	2973	28
S01_EP04	2652	2667	28
S01_EP16	6151	6166	28
S01_EP14	5251	5266	28
S01_EP10	1835	1850	28
S01_EP21	3098	3113	28
S01_EP06	3586	3601	28
S01_EP07	1846	1861	28
S01_EP04	2687	2702	28
S01_EP04	5790	5805	28
S01_EP04	299	314	28
S01_EP02	2759	2774	28
S01_EP22	5493	5508	28
S01_EP04	4852	4867	28
S01_EP08	6537	6552	28
S01_EP12	4133	4148	28
S01_EP04	5783	5798	28
S01_EP09	6712	6727	28
S01_EP07	2004	2019	28
S01_EP01	6374	6389	28
S01_EP18	4137	4152	28
S01_EP10	1213	1228	28
S01_EP23	250	265	28
S01_EP04	5489	5504	28
S01_EP01	4279	4294	28
S01_EP12	5744	5759	28
S01_EP17	1801	1816	28
S01_EP07	2699	2714	28
S01_EP21	3990	4005	28
S01_EP22	908	923	28
S01_EP15	2622	2637	28
S01_EP12	5352	5367	28
S01_EP08	3632	3647	28
S01_EP22	4685	4700	28
S01_EP04	6647	6662	28
S01_EP08	6466	6481	28
S01_EP01	469	484	28
S01_EP18	2814	2829	28
S01_EP07	4163	4178	28
S01_EP12	6639	6654	28
S01_EP04	5937	5952	28
S01_EP12	350	365	28
S01_EP01	3686	3701	28
S01_EP01	4295	4310	28
S01_EP22	6186	6201	28
S01_EP23	1501	1516	28
S01_EP18	5010	5025	28
S01_EP04	5801	5816	28
S01_EP22	1044	1059	28
S01_EP14	4600	4615	28
S01_EP08	368	383	28
S01_EP09	6622	6637	28
S01_EP01	4551	4566	28
S01_EP07	2926	2941	28
S01_EP10	1245	1260	28
S01_EP11	1127	1142	28
S01_EP01	3419	3434	28
S01_EP02	4214	4229	28
S01_EP21	113	128	28
S01_EP04	5674	5689	28
S01_EP10	1111	1126	28
S01_EP21	4938	4953	28
S01_EP01	3428	3443	28
S01_EP04	353	368	28
S01_EP07	2036	2051	28
S01_EP18	2718	2733	28
S01_EP03	158	173	28
S01_EP15	2638	2653	28
S01_EP17	5345	5360	28
S01_EP18	5944	5959	28
S01_EP18	1325	1340	28
S01_EP16	1952	1967	28
S01_EP09	718	733	28
S01_EP04	67	82	28
S01_EP18	598	613	28
S01_EP23	6143	6158	28
S01_EP03	452	467	28
S01_EP04	5922	5937	28
S01_EP22	3021	3036	28
S01_EP07	310	325	28
S01_EP12	6445	6460	28
S01_EP01	6303	6318	28
S01_EP06	1242	1257	28
S01_EP09	6283	6298	28
S01_EP06	1307	1322	28
S01_EP12	778	793	28
S01_EP13	2719	2734	28
S01_EP19	2313	2328	28
S01_EP18	5622	5637	28
S01_EP04	61	76	28
S01_EP18	5691	5706	28
S01_EP04	108	123	28
S01_EP01	2415	2430	28
S01_EP03	3711	3726	28
S01_EP18	1297	1312	28
S01_EP10	767	782	28
S01_EP17	3048	3063	28
S01_EP01	5337	5352	28
S01_EP18	1527	1542	28
S01_EP16	4391	4406	28
S01_EP06	3615	3630	28
S01_EP01	4756	4771	28
S01_EP08	2353	2368	28
S01_EP12	1694	1709	28
S01_EP08	6633	6648	28
S01_EP07	4509	4524	28
S01_EP22	183	198	28
S01_EP04	1380	1395	28
S01_EP04	4117	4132	28
S01_EP13	4922	4937	28
S01_EP01	478	493	28
S01_EP12	967	982	28
S01_EP08	3648	3663	28
S01_EP07	1755	1770	28
S01_EP21	1078	1093	28
S01_EP04	3515	3530	28
S01_EP04	5181	5196	28
S01_EP02	1562	1577	28
S01_EP21	1061	1076	28
S01_EP19	6465	6480	28
S01_EP01	3012	3027	28
S01_EP08	6569	6584	28
S01_EP11	3171	3186	28
S01_EP23	6127	6142	28
S01_EP18	5522	5537	28
S01_EP01	2614	2629	28
S01_EP16	3924	3939	28
S01_EP06	3578	3593	28
S01_EP05	6701	6716	28
S01_EP13	4985	5000	28
S01_EP06	3177	3192	28
S01_EP04	5456	5471	28
S01_EP01	2911	2926	28
S01_EP08	6450	6465	28
S01_EP23	5923	5938	28
S01_EP04	5889	5904	28
S01_EP18	1568	1583	28
S01_EP04	1438	1453	28
S01_EP07	2876	2891	28
S01_EP16	5946	5961	28
S01_EP23	5097	5112	28
S01_EP23	1485	1500	28
S01_EP07	4349	4364	28
S01_EP01	3612	3627	28
S01_EP06	1101	1116	28
S01_EP01	3817	3832	28
S01_EP10	4034	4049	28
S01_EP02	6836	6851	28
S01_EP02	1672	1687	28
S01_EP08	6514	6529	28
S01_EP18	659	674	28
S01_EP10	4079	4094	28
S01_EP11	1526	1541	28
S01_EP10	4051	4066	28
S01_EP18	4543	4558	28
S01_EP14	3621	3636	28
S01_EP10	2658	2673	28
S01_EP21	3418	3433	28
S01_EP12	4721	4736	28
S01_EP18	4461	4476	28
S01_EP02	2014	2029	28
S01_EP04	4676	4691	28
S01_EP03	2552	2567	28
S01_EP07	2020	2035	28
S01_EP22	4725	4740	28
S01_EP02	1613	1628	28
S01_EP18	118	133	28
S01_EP01	888	903	28
S01_EP04	6671	6686	28
S01_EP03	5520	5535	28
S01_EP08	6553	6568	28
S01_EP18	1384	1399	28
S01_EP13	2536	2551	28
S01_EP04	6097	6112	28
S01_EP16	5181	5196	28
S01_EP22	1795	1810	28
S01_EP01	3829	3844	28
S01_EP17	74	89	28
S01_EP12	684	699	28
S01_EP16	2054	2069	28
S01_EP10	6683	6698	28
S01_EP04	603	618	28
S01_EP09	5598	5613	28
S01_EP10	721	736	28
S01_EP08	6585	6600	28
S01_EP04	3582	3597	28
S01_EP02	1553	1568	28
S01_EP21	236	251	28
S01_EP22	868	883	28
S01_EP12	888	903	28
S01_EP07	432	447	28
S01_EP07	382	397	28
S01_EP18	4978	4993	28
S01_EP07	4122	4137	28
S01_EP04	5558	5573	28
S01_EP12	1532	1547	28
S01_EP07	2983	2998	28
S01_EP22	1973	1988	28
S01_EP04	3702	3717	28
S01_EP21	72	87	28
S01_EP23	4028	4043	28
S01_EP01	559	574	28
S01_EP08	2006	2021	28
S01_EP17	1968	1983	28
S01_EP04	4164	4179	28
S01_EP22	6684	6699	28
S01_EP05	6536	6551	28
S01_EP01	913	928	28
S01_EP18	1341	1356	28
S01_EP22	5213	5228	28
S01_EP07	2587	2602	28
S01_EP03	2196	2211	28
S01_EP16	1857	1872	28
S01_EP16	633	648	28
S01_EP23	1425	1440	28
S01_EP03	1598	1613	28
S01_EP01	950	965	28
S01_EP04	3312	3327	28
S01_EP22	95	110	28
S01_EP04	206	221	28
S01_EP04	2741	2756	28
S01_EP08	3443	3458	28
S01_EP13	2703	2718	28
S01_EP02	2769	2784	28
S01_EP01	816	831	28
S01_EP11	1574	1589	28
S01_EP01	1448	1463	28
S01_EP01	2490	2505	28
S01_EP18	6358	6373	28
S01_EP02	2039	2054	28
S01_EP01	6764	6779	28
S01_EP01	6363	6378	28
S01_EP08	3336	3351	28
S01_EP19	6369	6384	28
S01_EP22	2275	2290	28
S01_EP21	3591	3606	28
S01_EP19	6449	6464	28
S01_EP22	1075	1090	28
S01_EP16	3711	3726	28
S01_EP18	49	64	28
S01_EP04	4141	4156	28
S01_EP03	1341	1356	28
S01_EP04	5218	5233	28
S01_EP22	1592	1607	28
S01_EP03	1374	1389	28
S01_EP01	1460	1475	28
S01_EP14	3587	3602	28
S01_EP04	143	158	28
S01_EP22	1624	1639	28
S01_EP03	1325	1340	28
S01_EP23	6025	6040	28
S01_EP08	2388	2403	28
S01_EP07	2900	2915	28
S01_EP11	962	977	28
S01_EP01	4773	4788	28
S01_EP23	3769	3784	28
S01_EP01	1381	1396	28
S01_EP08	6227	6242	28
S01_EP01	4141	4156	28
S01_EP16	1131	1146	28
S01_EP01	488	503	28
S01_EP07	1771	1786	28
S01_EP01	6802	6817	28
S01_EP18	1436	1451	28
S01_EP16	3580	3595	28
S01_EP22	233	248	28
S01_EP02	467	482	28
S01_EP10	3880	3895	28
S01_EP01	1438	1453	28
S01_EP16	5024	5039	28
S01_EP20	6507	6522	28
S01_EP09	6638	6653	28
S01_EP16	5293	5308	28
S01_EP20	6555	6570	28
S01_EP22	5431	5446	28
S01_EP21	4309	4324	28
S01_EP12	5712	5727	28
S01_EP08	2508	2523	28
S01_EP04	3393	3408	28
S01_EP21	6335	6350	28
S01_EP06	1157	1172	28
S01_EP22	1957	1972	28
S01_EP21	3925	3940	28
S01_EP11	1143	1158	28
S01_EP08	2136	2151	28
S01_EP23	3245	3260	28
S01_EP07	2197	2212	28
S01_EP16	4091	4106	28
S01_EP07	4029	4044	28
S01_EP21	5906	5921	28
S01_EP03	4057	4072	28
S01_EP13	4396	4411	28
S01_EP07	2667	2682	28
S01_EP12	3914	3929	28
S01_EP17	2936	2951	28
S01_EP08	2449	2464	28
S01_EP18	5638	5653	28
S01_EP04	5226	5241	28
S01_EP12	3960	3975	28
S01_EP08	5694	5709	28
S01_EP23	3461	3476	28
S01_EP01	1423	1438	28
S01_EP02	1586	1601	28
S01_EP16	4029	4044	28
S01_EP21	6122	6137	28
S01_EP19	6497	6512	28
S01_EP18	5753	5768	28
S01_EP07	2363	2378	28
S01_EP17	2956	2971	28
S01_EP09	3920	3935	28
S01_EP23	3854	3869	28
S01_EP23	1866	1881	28
S01_EP20	5187	5202	28
S01_EP07	30	45	28
S01_EP01	4082	4097	28
S01_EP14	5100	5115	28
S01_EP07	2715	2730	28
S01_EP12	5619	5634	28
S01_EP19	6433	6448	28
S01_EP12	81	96	28
S01_EP22	1608	1623	28
S01_EP12	3944	3959	28
S01_EP07	2551	2566	28
S01_EP22	4958	4973	28
S01_EP15	4432	4447	28
S01_EP23	5958	5973	28
S01_EP18	645	660	28
S01_EP22	2656	2671	28
S01_EP22	585	600	28
S01_EP01	6500	6515	28
S01_EP10	4125	4140	28
S01_EP03	4105	4120	28
S01_EP01	3657	3672	28
S01_EP18	1023	1038	28
S01_EP10	4098	4113	28
S01_EP04	1235	1250	28
S01_EP23	6111	6126	28
S01_EP02	949	964	28
S01_EP10	2566	2581	28
S01_EP11	1111	1126	28
S01_EP23	5113	5128	28
S01_EP12	5142	5157	28
S01_EP04	1504	1519	28
S01_EP01	4407	4422	28
S01_EP19	6481	6496	28
S01_EP05	6466	6481	28
S01_EP20	5261	5276	28
S01_EP04	5658	5673	28
S01_EP04	1319	1334	28
S01_EP21	98	113	28
S01_EP01	999	1014	28
S01_EP16	3758	3773	28
S01_EP07	4317	4332	28
S01_EP16	4233	4248	28
S01_EP21	840	855	28
S01_EP12	3895	3910	28
S01_EP01	2323	2338	28
S01_EP01	3152	3167	28
S01_EP01	4356	4371	28
S01_EP16	3945	3960	28
S01_EP04	5774	5789	28
S01_EP08	6601	6616	28
S01_EP18	1475	1490	28
S01_EP01	1014	1029	28
S01_EP12	1662	1677	28
S01_EP16	5208	5223	28
S01_EP01	4215	4230	28
S01_EP04	2530	2545	28
S01_EP01	6576	6591	28
S01_EP22	2947	2962	28
S01_EP01	3580	3595	28
S01_EP16	2617	2632	28
S01_EP02	2586	2601	28
S01_EP01	6751	6766	28
S01_EP03	4933	4948	28
S01_EP08	3919	3934	28
S01_EP10	3474	3489	28
S01_EP10	3971	3986	28
S01_EP04	5817	5832	28
S01_EP07	4045	4060	28
S01_EP10	2625	2640	28
S01_EP04	5284	5299	28
S01_EP07	4541	4556	28
S01_EP08	2098	2113	28
S01_EP18	2773	2788	28
S01_EP16	4331	4346	28
S01_EP07	2747	2762	28
S01_EP09	840	855	28
S01_EP22	5229	5244	28
S01_EP23	3419	3434	28
S01_EP16	6072	6087	28
S01_EP22	5447	5462	28
S01_EP02	2469	2484	28
S01_EP04	6586	6601	28
S01_EP07	4461	4476	28
S01_EP14	3660	3675	28
S01_EP11	927	942	28
S01_EP08	2553	2568	28
S01_EP17	6702	6717	28
S01_EP16	1838	1853	28
S01_EP20	6539	6554	28
S01_EP23	3360	3375	28
S01_EP01	4613	4628	28
S01_EP19	1082	1097	28
S01_EP10	569	584	28
S01_EP08	388	403	28
S01_EP16	1882	1897	28
S01_EP08	4152	4167	28
S01_EP10	1095	1110	28
S01_EP12	259	274	28
S01_EP10	1055	1070	28
S01_EP18	2835	2850	28
S01_EP18	4564	4579	28
S01_EP02	1316	1331	28
S01_EP18	4364	4379	28
S01_EP18	255	270	28
S01_EP04	4693	4708	28
S01_EP23	1455	1470	28
S01_EP07	1900	1915	28
S01_EP16	4051	4066	28
S01_EP21	1299	1314	28
S01_EP04	5435	5450	28
S01_EP04	6693	6708	28
S01_EP03	1017	1032	28
S01_EP22	4673	4688	28
S01_EP20	6523	6538	28
S01_EP07	2052	2067	28
S01_EP07	389	404	28
S01_EP19	6385	6400	28
S01_EP08	3468	3483	28
S01_EP21	6319	6334	28
S01_EP06	1230	1245	28
S01_EP15	4270	4285	28
S01_EP10	1918	1933	28
S01_EP17	6734	6749	28
S01_EP17	5306	5321	28
S01_EP04	6570	6585	28
S01_EP03	1396	1411	28
S01_EP19	4904	4919	28
S01_EP08	6429	6444	28
S01_EP17	5281	5296	28
S01_EP19	2241	2256	28
S01_EP01	1431	1446	28
S01_EP10	2454	2469	28
S01_EP01	4798	4813	28
S01_EP04	1428	1443	28
S01_EP20	5311	5326	28
S01_EP01	1476	1491	28
S01_EP21	4020	4035	28
S01_EP11	2107	2122	28
S01_EP12	6798	6813	28
S01_EP22	143	158	28
S01_EP16	3900	3915	28
S01_EP12	233	248	28
S01_EP12	6379	6394	28
S01_EP20	5293	5308	28
S01_EP01	4231	4246	28
S01_EP18	588	603	28
S01_EP12	5562	5577	28
S01_EP01	1046	1061	28
S01_EP21	1164	1179	28
S01_EP01	2685	2700	28
S01_EP01	2957	2972	28
S01_EP04	6065	6080	28
S01_EP12	6465	6480	28
S01_EP01	2364	2379	28
S01_EP03	2395	2410	28
S01_EP01	2108	2123	28
S01_EP07	2262	2277	28
S01_EP04	994	1009	28
S01_EP18	903	918	28
S01_EP12	1646	1661	28
S01_EP12	1678	1693	28
S01_EP06	47	62	28
S01_EP18	802	817	28
S01_EP01	766	781	28
S01_EP16	6531	6546	28
S01_EP08	2404	2419	28
S01_EP07	4137	4152	28
S01_EP08	6171	6186	28
S01_EP04	4640	4655	28
S01_EP21	6383	6398	28
S01_EP04	93	108	28
S01_EP02	2746	2761	28
S01_EP02	1433	1448	28
S01_EP12	5696	5711	28
S01_EP04	5268	5283	28
S01_EP18	893	908	28
S01_EP20	5245	5260	28
S01_EP09	6369	6384	28
S01_EP16	496	511	28
S01_EP05	6450	6465	28
S01_EP01	4183	4198	28
S01_EP01	858	873	28
S01_EP17	4580	4595	28
S01_EP17	786	801	28
S01_EP04	5213	5228	28
S01_EP19	2531	2546	28
S01_EP12	239	254	28
S01_EP20	6491	6506	28
S01_EP04	6545	6560	28
S01_EP12	673	688	28
S01_EP18	4994	5009	28
S01_EP07	4525	4540	28
S01_EP06	31	46	28
S01_EP22	892	907	28
S01_EP18	4435	4450	28
S01_EP21	37	52	28
S01_EP15	2654	2669	28
S01_EP02	6820	6835	28
S01_EP13	4950	4965	28
S01_EP12	1499	1514	28
S01_EP04	6602	6617	28
S01_EP04	3354	3369	28
S01_EP07	1572	1587	28
S01_EP18	173	188	28
S01_EP12	365	380	28
S01_EP01	4154	4169	28
S01_EP10	1229	1244	28
S01_EP01	4199	4214	28
S01_EP01	5682	5697	28
S01_EP21	3978	3993	28
S01_EP07	4594	4609	28
S01_EP12	3874	3889	28
S01_EP21	2951	2966	28
S01_EP07	67	82	28
S01_EP04	3473	3488	28
S01_EP10	1197	1212	28
S01_EP16	2075	2090	28
S01_EP22	2672	2687	28
S01_EP04	257	272	28
S01_EP08	5481	5496	28
S01_EP19	3659	3674	28
S01_EP23	1522	1537	28
S01_EP06	1297	1312	28
S01_EP18	18	33	28
S01_EP01	3079	3094	28
S01_EP23	6175	6190	28
S01_EP12	706	721	28
S01_EP21	57	72	28
S01_EP16	3490	3505	28
S01_EP11	2091	2106	28
S01_EP13	6308	6323	28
S01_EP18	6425	6440	28
S01_EP05	2450	2465	28
S01_EP07	4013	4028	28
S01_EP18	6180	6195	28
S01_EP01	1517	1532	28
S01_EP12	5091	5106	28
S01_EP22	4734	4749	28
S01_EP15	4361	4376	28
S01_EP18	2943	2958	28
S01_EP07	2603	2618	28
S01_EP11	1603	1618	28
S01_EP03	3383	3398	28
S01_EP07	4285	4300	28
S01_EP18	77	92	28
S01_EP01	4130	4145	28
S01_EP04	2758	2773	28
S01_EP04	5763	5778	28
S01_EP16	4539	4554	28
S01_EP09	3539	3554	28
S01_EP12	1614	1629	28
S01_EP18	1065	1080	28
S01_EP07	4477	4492	28
S01_EP03	2506	2521	28
S01_EP01	927	942	28
S01_EP04	6681	6696	28
S01_EP01	508	523	28
S01_EP01	6447	6462	28
S01_EP03	4089	4104	28
S01_EP10	3896	3911	28
S01_EP22	4650	4665	28
S01_EP21	3534	3549	28
S01_EP16	3727	3742	28
S01_EP22	3904	3919	28
S01_EP03	4041	4056	28
S01_EP04	2709	2724	28
S01_EP08	2484	2499	28
S01_EP21	4224	4239	28
S01_EP02	4196	4211	28
S01_EP14	3676	3691	28
S01_EP12	444	459	28
S01_EP12	5635	5650	28
S01_EP11	1616	1631	28
S01_EP09	6728	6743	28
S01_EP14	3598	3613	28
S01_EP04	3291	3306	28
S01_EP23	6009	6024	28
S01_EP07	1556	1571	28
S01_EP18	2911	2926	28
S01_EP04	6129	6144	28
S01_EP11	1558	1573	28
S01_EP07	3074	3089	28
S01_EP03	1461	1476	28
S01_EP08	6103	6118	28
S01_EP12	4391	4406	28
S01_EP07	2779	2794	28
S01_EP18	2541	2556	28
S01_EP18	4376	4391	28
S01_EP08	3352	3367	28
S01_EP18	61	76	28
S01_EP21	3402	3417	28
S01_EP18	4514	4529	28
S01_EP05	6435	6450	28
S01_EP11	2075	2090	28
S01_EP18	4447	4462	28
S01_EP03	1471	1486	28
S01_EP21	305	320	28
S01_EP11	2059	2074	28
S01_EP01	1420	1435	28
S01_EP22	248	263	28
S01_EP01	6442	6457	28
S01_EP22	2891	2906	28
S01_EP04	5472	5487	28
S01_EP07	1974	1989	28
S01_EP12	6395	6410	28
S01_EP18	4486	4501	28
S01_EP09	6496	6511	28
S01_EP01	1530	1545	28
S01_EP14	3114	3129	28
S01_EP19	1454	1469	28
S01_EP17	4848	4863	28
S01_EP11	1395	1410	28
S01_EP23	6159	6174	28
S01_EP12	865	880	28
S01_EP04	73	88	28
S01_EP22	1841	1856	28
S01_EP12	794	809	28
S01_EP09	6257	6272	28
S01_EP08	2537	2552	28
S01_EP20	5229	5244	28
S01_EP12	4771	4786	28
S01_EP21	1029	1044	28
S01_EP15	4464	4479	28
S01_EP07	134	149	28
S01_EP09	6361	6376	28
S01_EP01	3108	3123	28
S01_EP15	4286	4301	28
S01_EP08	3483	3498	28
S01_EP17	802	817	28
S01_EP01	2734	2749	28
S01_EP07	4083	4098	28
S01_EP21	2896	2911	28
S01_EP16	2278	2293	28
S01_EP04	4598	4613	28
S01_EP01	1030	1045	28
S01_EP21	1244	1259	28
S01_EP15	4302	4317	28
S01_EP16	1898	1913	28
S01_EP12	4660	4675	28
S01_EP01	6797	6812	28
S01_EP04	159	174	28
S01_EP19	6353	6368	28
S01_EP07	4067	4082	28
S01_EP04	5141	5156	28
S01_EP20	5128	5143	28
S01_EP01	6772	6787	28
S01_EP01	640	655	28
S01_EP16	2262	2277	28
S01_EP10	4061	4076	28
S01_EP01	4414	4429	28
S01_EP02	498	513	28
S01_EP04	3260	3275	28
S01_EP01	2470	2485	28
S01_EP21	3390	3405	28
S01_EP08	6374	6389	28
S01_EP07	83	98	28
S01_EP01	4340	4355	28
S01_EP06	1263	1278	28
S01_EP12	147	162	28
S01_EP03	4073	4088	28
S01_EP22	6250	6265	28
S01_EP03	3399	3414	28
S01_EP23	4944	4959	28
S01_EP10	1468	1483	28
S01_EP22	6202	6217	28
S01_EP09	6268	6283	28
S01_EP12	371	386	28
S01_EP09	990	1005	28
S01_EP08	4176	4191	28
S01_EP21	3474	3489	28
S01_EP04	3729	3744	28
S01_EP10	1811	1826	28
S01_EP01	6516	6531	28
S01_EP18	2798	2813	28
S01_EP07	2942	2957	28
S01_EP01	3142	3157	28
S01_EP04	3276	3291	28
S01_EP17	4147	4162	28
S01_EP16	3591	3606	28
S01_EP01	6465	6480	28
S01_EP12	216	231	28
S01_EP21	4954	4969	28
S01_EP21	4363	4378	28
S01_EP09	5608	5623	28
S01_EP19	3853	3868	28
S01_EP21	1570	1585	28
S01_EP05	6684	6699	28
S01_EP05	6423	6438	28
S01_EP07	2763	2778	28
S01_EP18	1264	1279	28
S01_EP04	1309	1324	28
S01_EP07	2850	2865	28
S01_EP22	617	632	28
S01_EP01	2645	2660	28
S01_EP01	1441	1456	28
S01_EP03	543	558	28
S01_EP04	266	281	28
S01_EP01	754	769	28
S01_EP01	2927	2942	28
S01_EP08	4194	4209	28
S01_EP01	801	816	28
S01_EP01	3048	3063	28
S01_EP07	1948	1963	28
S01_EP02	424	439	28
S01_EP10	1781	1796	28
S01_EP22	2698	2713	28
S01_EP18	1400	1415	28
S01_EP05	6520	6535	28
S01_EP08	2573	2588	28
S01_EP04	5910	5925	28
S01_EP12	1344	1359	28
S01_EP04	3409	3424	28
S01_EP12	4746	4761	28
S01_EP01	705	720	28
S01_EP07	4151	4166	28
S01_EP13	4893	4908	28
S01_EP08	5577	5592	28
S01_EP18	5537	5552	28
S01_EP07	2731	2746	28
S01_EP03	3691	3706	28
S01_EP01	4263	4278	28
S01_EP04	5900	5915	28
S01_EP13	2552	2567	28
S01_EP03	3415	3430	28
S01_EP21	829	844	28
S01_EP09	6346	6361	28
S01_EP04	1451	1466	28
S01_EP04	5984	5999	28
S01_EP02	2023	2038	28
S01_EP07	2916	2931	28
S01_EP08	6273	6288	28
S01_EP07	3981	3996	28
S01_EP02	5350	5365	28
S01_EP19	1106	1121	28
S01_EP21	2987	3002	28
S01_EP01	979	994	28
S01_EP10	2420	2435	28
S01_EP04	1281	1296	28
S01_EP08	6289	6304	28
S01_EP22	1656	1671	28
S01_EP22	2488	2503	28
S01_EP21	2851	2866	28
S01_EP08	1341	1356	28
S01_EP03	4137	4152	28
S01_EP01	3493	3508	28
S01_EP09	6308	6323	28
S01_EP16	1999	2014	28
S01_EP16	649	664	28
S01_EP12	97	112	28
S01_EP04	3377	3392	28
S01_EP12	3220	3235	28
S01_EP21	6603	6618	28
S01_EP23	5948	5963	28
S01_EP21	1132	1147	28
S01_EP08	4509	4524	28
S01_EP01	4629	4644	28
S01_EP21	3493	3508	28
S01_EP01	6295	6310	28
S01_EP01	3865	3880	28
S01_EP01	3519	3534	28
S01_EP03	1293	1308	28
S01_EP06	3484	3499	28
S01_EP10	1875	1890	28
S01_EP22	706	721	28
S01_EP16	2109	2124	28
S01_EP22	3037	3052	28
S01_EP22	4853	4868	28
S01_EP21	1538	1553	28
S01_EP12	2939	2954	28
S01_EP21	3903	3918	28
S01_EP16	4249	4264	28
S01_EP06	3365	3380	28
S01_EP22	1939	1954	28
S01_EP12	5512	5527	28
S01_EP16	5163	5178	28
S01_EP12	1548	1563	28
S01_EP08	2466	2481	28
S01_EP07	4301	4316	28
S01_EP01	2947	2962	28
S01_EP01	6347	6362	28
S01_EP10	1391	1406	28
S01_EP21	1586	1601	28
S01_EP01	5643	5658	28
S01_EP11	3824	3839	28
S01_EP14	2759	2774	28
S01_EP04	5833	5848	28
S01_EP01	5697	5712	28
S01_EP04	2599	2614	28
S01_EP04	5608	5623	28
S01_EP04	3337	3352	28
S01_EP01	4114	4129	28
S01_EP22	2379	2394	28
S01_EP13	6738	6753	28
S01_EP23	3387	3402	28
S01_EP04	5857	5872	28
S01_EP03	2363	2378	28
S01_EP01	2973	2988	28
S01_EP07	2144	2159	28
S01_EP21	1045	1060	28
S01_EP10	2469	2484	28
S01_EP23	1022	1037	28
S01_EP01	4473	4488	28
S01_EP18	2927	2942	28
S01_EP18	1739	1754	28
S01_EP01	583	598	28
S01_EP22	6218	6233	28
S01_EP06	3557	3572	28
S01_EP10	1614	1629	28
S01_EP07	3997	4012	28
S01_EP17	4864	4879	28
S01_EP08	5546	5561	28
S01_EP12	5546	5561	28
S01_EP01	3124	3139	28
S01_EP23	5137	5152	28
S01_EP22	1640	1655	28
S01_EP01	399	414	28
S01_EP16	3413	3428	28
S01_EP23	990	1005	28
S01_EP01	3596	3611	28
S01_EP16	1914	1929	28
S01_EP21	3509	3524	28
S01_EP18	1420	1435	28
S01_EP12	62	77	28
S01_EP10	2581	2596	28
S01_EP11	1095	1110	28
S01_EP04	2725	2740	28
S01_EP08	6649	6664	28
S01_EP04	6048	6063	28
S01_EP22	264	279	28
S01_EP16	5115	5130	28
S01_EP21	6650	6665	28
S01_EP13	4969	4984	28
S01_EP18	1094	1109	28
S01_EP01	3449	3464	28
S01_EP03	4741	4756	28
S01_EP04	5410	5425	28
S01_EP09	6594	6609	28
S01_EP13	6754	6769	28
S01_EP04	969	984	28
S01_EP01	6560	6575	28
S01_EP04	2680	2695	28
S01_EP09	6430	6445	28
S01_EP16	1847	1862	28
S01_EP16	5240	5255	28
S01_EP02	4781	4796	28
S01_EP21	3941	3956	28
S01_EP01	386	401	28
S01_EP22	2540	2555	28
S01_EP17	6750	6765	28
S01_EP23	5042	5057	28
S01_EP01	4706	4721	28
S01_EP01	786	801	28
S01_EP23	1038	1053	28
S01_EP18	1309	1324	28
S01_EP12	734	749	28
S01_EP18	2369	2384	28
S01_EP01	3845	3860	28
S01_EP01	2099	2114	28
S01_EP01	2277	2292	28
S01_EP12	204	219	28
S01_EP10	1759	1774	28
S01_EP04	4741	4756	28
S01_EP12	831	846	28
S01_EP21	1218	1233	28
S01_EP12	5760	5775	28
S01_EP08	2521	2536	28
S01_EP01	4832	4847	28
S01_EP18	1600	1615	28
S01_EP07	4573	4588	28
S01_EP04	4624	4639	28
S01_EP18	6125	6140	28
S01_EP21	350	365	28
S01_EP04	3641	3656	28
S01_EP23	1440	1455	28
S01_EP07	2651	2666	28
S01_EP19	6401	6416	28
S01_EP12	3980	3995	28
S01_EP18	2879	2894	28
S01_EP18	4937	4952	28
S01_EP04	6081	6096	28
S01_EP23	5081	5096	28
S01_EP12	1136	1151	28
S01_EP23	3753	3768	28
S01_EP23	1802	1817	28
S01_EP04	5300	5315	28
S01_EP10	2550	2565	28
S01_EP21	3114	3129	28
S01_EP09	2432	2447	28
S01_EP07	316	331	28
S01_EP11	1237	1252	28
S01_EP14	4616	4631	28
S01_EP11	1291	1306	28
S01_EP12	5680	5695	28
S01_EP12	424	439	28
S01_EP13	2238	2253	28
S01_EP01	429	444	28
S01_EP08	3960	3975	28
S01_EP04	3971	3986	28
S01_EP18	4870	4885	28
S01_EP07	118	133	28
S01_EP18	4392	4407	28
S01_EP13	4879	4894	28
S01_EP10	2485	2500	28
S01_EP21	4970	4985	28
S01_EP11	3267	3282	28
S01_EP07	3063	3078	28
S01_EP04	6161	6176	28
S01_EP22	6700	6715	28
S01_EP12	289	304	28
S01_EP21	2971	2986	28
S01_EP12	1114	1129	28
S01_EP23	3210	3225	28
S01_EP01	3088	3103	28
S01_EP23	4012	4027	28
S01_EP04	5744	5759	28
S01_EP22	5477	5492	28
S01_EP08	6723	6738	28
S01_EP04	576	591	28
S01_EP18	623	638	28
S01_EP17	5516	5531	28
S01_EP01	6333	6348	28
S01_EP07	2571	2586	28
S01_EP04	6000	6015	28
S01_EP10	1261	1276	28
S01_EP12	5594	5609	28
S01_EP21	6043	6058	28
S01_EP17	1826	1841	28
S01_EP12	4483	4498	28
S01_EP04	3626	3641	28
S01_EP22	2514	2529	28
S01_EP01	6382	6397	28
S01_EP03	4153	4168	28
S01_EP01	5344	5359	28
S01_EP16	6427	6442	28
S01_EP10	2640	2655	28
S01_EP22	2931	2946	28
S01_EP09	6606	6621	28
S01_EP13	1902	1917	28
S01_EP04	1086	1101	28
S01_EP16	4316	4331	28
S01_EP23	4958	4973	28
S01_EP18	2851	2866	28
S01_EP21	1148	1163	28
S01_EP22	2449	2464	28
S01_EP01	5674	5689	28
S01_EP01	3674	3689	28
S01_EP12	2956	2971	28
S01_EP10	1576	1591	28
S01_EP14	3919	3934	28
S01_EP07	3003	3018	28
S01_EP12	6489	6504	28
S01_EP04	406	421	28
S01_EP08	3383	3398	28
S01_EP04	1364	1379	28
S01_EP04	1412	1427	28
S01_EP18	1723	1738	28
S01_EP04	3670	3685	28
S01_EP01	6812	6827	28
S01_EP07	4429	4444	28
S01_EP08	5710	5725	28
S01_EP18	919	934	28
S01_EP07	4333	4348	28
S01_EP18	1081	1096	28
S01_EP08	3225	3240	28
S01_EP22	2817	2832	28
S01_EP12	1630	1645	28
S01_EP16	4566	4581	28
S01_EP12	2946	2961	28
S01_EP22	569	584	28
S01_EP18	1765	1780	28
S01_EP01	5981	5996	28
S01_EP08	6482	6497	28
S01_EP18	30	45	28
S01_EP06	751	766	28
S01_EP09	918	933	28
S01_EP08	6333	6348	28
S01_EP19	6513	6528	28
S01_EP21	6090	6105	28